"grid" "wts" "lkern"
"1" 0 3.62356839956136e-67 -3.3588690967374
"2" 0.00800800800800801 5.36670399384774e-67 -2.96611444410852
"3" 0.016016016016016 7.94789508466652e-67 -2.57342125839763
"4" 0.024024024024024 1.17698167166308e-66 -2.18079003370999
"5" 0.032032032032032 1.74285055309552e-66 -1.78822126812197
"6" 0.04004004004004 2.58061521536432e-66 -1.39571546371286
"7" 0.048048048048048 3.82083950121919e-66 -1.00327312659713
"8" 0.0560560560560561 5.65674434597806e-66 -0.610894766956861
"9" 0.0640640640640641 8.37425727933103e-66 -0.218580899074347
"10" 0.0720720720720721 1.23964637244072e-65 0.173667958634946
"11" 0.0800800800800801 1.83493577406235e-65 0.565851283589118
"12" 0.0880880880880881 2.71590911357879e-65 0.957968549006401
"13" 0.0960960960960961 4.0195800044398e-65 1.35001922387148
"14" 0.104104104104104 5.94863017102702e-65 1.74200277290138
"15" 0.112112112112112 8.80286162520235e-65 2.13391865651126
"16" 0.12012012012012 1.30257025865926e-64 2.52576633077982
"17" 0.128128128128128 1.92729670719428e-64 2.91754524741446
"18" 0.136136136136136 2.85145091442095e-64 3.30925485371621
"19" 0.144144144144144 4.21844972303787e-64 3.70089459254428
"20" 0.152152152152152 6.24035458995551e-64 4.09246390228038
"21" 0.16016016016016 9.23070401812708e-64 4.4839622167928
"22" 0.168168168168168 1.36530381123672e-63 4.87538896540016
"23" 0.176176176176176 2.01926096112514e-63 5.26674357283478
"24" 0.184184184184184 2.98623521915569e-63 5.65802545920591
"25" 0.192192192192192 4.4159458680923e-63 6.04923403996258
"26" 0.2002002002002 6.52967215895974e-63 6.44036872585616
"27" 0.208208208208208 9.65443054392326e-63 6.83142892290265
"28" 0.216216216216216 1.42734624884146e-62 7.22241403234456
"29" 0.224224224224224 2.11008106973344e-62 7.61332345061274
"30" 0.232232232232232 3.11914675076035e-62 8.0041565692875
"31" 0.24024024024024 4.61040494111259e-62 8.39491277505984
"32" 0.248248248248248 6.81410253964985e-62 8.7855914496921
"33" 0.256256256256256 1.00703442091536e-61 9.17619196997838
"34" 0.264264264264264 1.48814671824662e-61 9.56671370770463
"35" 0.272272272272272 2.1989365440504e-61 9.9571560296084
"36" 0.28028028028028 3.24896382411071e-61 10.3475182973384
"37" 0.288288288288288 4.80000851673072e-61 10.7377998674135
"38" 0.296296296296296 7.09094002228791e-61 11.1280000911815
"39" 0.304304304304304 1.04744204739544e-60 11.5181183147779
"40" 0.312312312312312 1.54710680750905e-60 11.9081538790835
"41" 0.32032032032032 2.28493791090456e-60 12.2981061196827
"42" 0.328328328328328 3.37436479811258e-60 12.6879743668208
"43" 0.336336336336336 4.98279349822227e-60 13.0777579453611
"44" 0.344344344344344 7.35726975387433e-60 13.4674561747414
"45" 0.352352352352352 1.08623328291835e-59 13.857068368931
"46" 0.36036036036036 1.60358456290627e-59 14.2465938363863
"47" 0.368368368368368 2.36713300145349e-59 14.6360318800068
"48" 0.376376376376376 3.49393789193483e-59 15.0253817970903
"49" 0.384384384384384 5.15666739994838e-59 15.4146428792879
"50" 0.392392392392392 7.60999147311376e-59 15.8038144125589
"51" 0.4004004004004 1.12294895767031e-58 16.1928956771249
"52" 0.408408408408408 1.65690017673494e-58 16.5818859474236
"53" 0.416416416416416 2.44451573006946e-58 16.9707844920624
"54" 0.424424424424424 3.60619471060168e-58 17.3595905737722
"55" 0.432432432432432 5.31942915122414e-58 17.7483034493592
"56" 0.44044044044044 7.84585145862794e-58 18.1369223696579
"57" 0.448448448448448 1.15710828188526e-57 18.5254465794829
"58" 0.456456456456456 1.70634348880327e-57 18.9138753175812
"59" 0.464464464464464 2.51603756563436e-57 19.3022078165825
"60" 0.472472472472472 3.70958776463574e-57 19.6904433029507
"61" 0.48048048048048 5.4687958209452e-57 20.0785809969343
"62" 0.488488488488488 8.06148324770687e-57 20.4666201125164
"63" 0.496496496496497 1.18821504303091e-56 20.8545598573644
"64" 0.504504504504504 1.75118340815982e-56 21.2423994327794
"65" 0.512512512512513 2.58062184088909e-56 21.6301380336449
"66" 0.520520520520521 3.80253218096577e-56 22.0177748483754
"67" 0.528528528528528 5.6024355269064e-56 22.4053090588643
"68" 0.536536536536537 8.25345747373391e-56 22.7927398404317
"69" 0.544544544544544 1.21576514630122e-55 23.1800663617719
"70" 0.552552552552553 1.79067931196926e-55 23.5672877848993
"71" 0.560560560560561 2.63718096922176e-55 23.9544032650958
"72" 0.568568568568569 3.88343168529984e-55 24.3414119508561
"73" 0.576576576576577 5.71800661450926e-55 24.7283129838332
"74" 0.584584584584585 8.41834089624756e-55 25.1151054987842
"75" 0.592592592592593 1.23925550160634e-54 25.5017886235138
"76" 0.600600600600601 1.82409441455603e-54 25.8883614788194
"77" 0.608608608608609 2.68463654093599e-54 26.2748231784343
"78" 0.616616616616617 3.95070878806004e-54 26.6611728289714
"79" 0.624624624624625 5.81320296447186e-54 27.0474095298656
"80" 0.632632632632633 8.55276435592954e-54 27.4335323733168
"81" 0.640640640640641 1.2581942084463e-53 27.8195404442309
"82" 0.648648648648649 1.85071102118421e-53 28.2054328201621
"83" 0.656656656656657 2.72194215236943e-53 28.5912085712533
"84" 0.664664664664665 4.00283892665183e-53 28.9768667601771
"85" 0.672672672672673 5.88580501846927e-53 29.3624064420753
"86" 0.680680680680681 8.65349897872664e-53 29.747826664499
"87" 0.688688688688689 1.27211192858653e-52 30.1331264673472
"88" 0.696696696696697 1.86984748866425e-52 30.5183048828052
"89" 0.704704704704705 2.74810868223781e-52 30.9033609352838
"90" 0.712712712712713 4.03838810814909e-52 31.2882936413554
"91" 0.720720720720721 5.93373579865444e-52 31.6731020096921
"92" 0.728728728728729 8.7175394843096e-52 32.0577850410018
"93" 0.736736736736737 1.28057426626809e-51 32.4423417279649
"94" 0.744744744744745 1.88087660993417e-51 32.8267710551689
"95" 0.752752752752753 2.7622315728432e-51 33.2110719990439
"96" 0.760760760760761 4.05605336265222e-51 33.5952435277975
"97" 0.768768768768769 5.95512084853315e-51 33.9792846013485
"98" 0.776776776776777 8.74219293541204e-51 34.3631941712599
"99" 0.784784784784785 1.28319489855331e-50 34.7469711806727
"100" 0.792792792792793 1.88324502520773e-50 35.1306145642375
"101" 0.800800800800801 2.76351950385444e-50 35.5141232480471
"102" 0.808808808808809 4.05470506577106e-50 35.897496149567
"103" 0.816816816816817 5.94835065000438e-50 36.2807321775669
"104" 0.824824824824825 8.72517071367149e-50 36.6638302320507
"105" 0.832832832832833 1.27964911708526e-49 37.0467892041855
"106" 0.840840840840841 1.87649314239589e-49 37.4296079762318
"107" 0.848848848848849 2.75132366983694e-49 37.8122854214712
"108" 0.856856856856857 4.03342992914915e-49 38.1948204041345
"109" 0.864864864864865 5.91214369037776e-49 38.5772117793291
"110" 0.872872872872873 8.66468094920334e-49 38.9594583929662
"111" 0.880880880880881 1.26968736081851e-48 39.3415590816861
"112" 0.888888888888889 1.86027493009266e-48 39.7235126727847
"113" 0.896896896896897 2.72516669857504e-48 40.1053179841381
"114" 0.904904904904905 3.99157320445459e-48 40.4869738241267
"115" 0.912912912912913 5.84560798486233e-48 40.8684789915599
"116" 0.920920920920921 8.55951809703387e-48 41.2498322755983
"117" 0.928928928928929 1.25314824200644e-47 41.6310324556768
"118" 0.936936936936937 1.83437683491385e-47 42.0120783014265
"119" 0.944944944944945 2.6847700866793e-47 42.3929685725961
"120" 0.952952952952953 3.92877841574505e-47 42.7737020189724
"121" 0.960960960960961 5.74829853004486e-47 43.1542773803005
"122" 0.968968968968969 8.40914588272969e-47 43.5346933862033
"123" 0.976976976976977 1.22997050079934e-46 43.9149487560997
"124" 0.984984984984985 1.7987349801611e-46 44.2950421991239
"125" 0.992992992992993 2.63007889529033e-46 44.674972414042
"126" 1.001001001001 3.84502274754057e-46 45.0547380891685
"127" 1.00900900900901 5.62026790214704e-46 45.4343379022836
"128" 1.01701701701702 8.21376947666958e-46 45.8137705205476
"129" 1.02502502502503 1.20020327385746e-45 46.1930346004165
"130" 1.03303303303303 1.75344973466213e-45 46.5721287875555
"131" 1.04104104104104 2.56128235671818e-45 46.9510517167527
"132" 1.04904904904905 3.74064609337095e-45 47.3298020118317
"133" 1.05705705705706 5.46210705311183e-45 47.7083782855642
"134" 1.06506506506507 7.97439255002049e-45 48.0867791395805
"135" 1.07307307307307 1.16401403663318e-44 48.4650031642808
"136" 1.08108108108108 1.69879670977839e-44 48.8430489387445
"137" 1.08908908908909 2.47882900821039e-44 49.2209150306399
"138" 1.0970970970971 3.61637173494593e-44 49.598599996133
"139" 1.10510510510511 5.27497333151574e-44 49.9761023797936
"140" 1.11311311311311 7.69285486482216e-44 50.3534207145047
"141" 1.12112112112112 1.12169358459209e-43 50.7305535213662
"142" 1.12912912912913 1.63523325948948e-43 51.1074993096029
"143" 1.13713713713714 2.38343500696283e-43 51.4842565764671
"144" 1.14514514514515 3.47331669753622e-43 51.8608238071439
"145" 1.15315315315315 5.06060289584685e-43 52.2371994746536
"146" 1.16116116116116 7.37184630183637e-43 52.6133820397555
"147" 1.16916916916917 1.07365746226604e-42 52.9893699508472
"148" 1.17717717717718 1.56339963259305e-42 53.3651616438681
"149" 1.18518518518519 2.27608440444089e-42 53.7407555421979
"150" 1.19319319319319 3.31299003175605e-42 54.1161500565554
"151" 1.2012012012012 4.82130502181534e-42 54.4913435848991
"152" 1.20920920920921 7.01489377054614e-42 54.8663345123223
"153" 1.21721721721722 1.0204433358836e-41 55.2411212109526
"154" 1.22522522522523 1.48411406467794e-41 55.6157020398451
"155" 1.23323323323323 2.1580203780485e-41 55.9900753448798
"156" 1.24124124124124 3.13727761916404e-41 56.364239458655
"157" 1.24924924924925 4.55993635101208e-41 56.7381927003807
"158" 1.25725725725726 6.62631829968923e-41 57.1119333757722
"159" 1.26526526526527 9.62703938491779e-41 57.4854597769401
"160" 1.27327327327327 1.39836130443968e-40 57.8587701822832
"161" 1.28128128128128 2.0307267386458e-40 58.2318628563774
"162" 1.28928928928929 2.94841259404298e-40 58.604736049865
"163" 1.2972972972973 4.27985389053739e-40 58.9773879993433
"164" 1.30530530530531 6.21116077765065e-40 59.3498169272518
"165" 1.31331331331331 9.0119539589936e-40 59.7220210417586
"166" 1.32132132132132 1.3072743431942e-39 60.0939985366463
"167" 1.32932932932933 1.89589945079439e-39 60.4657475911964
"168" 1.33733733733734 2.74893111047957e-39 60.837266370073
"169" 1.34534534534535 3.98484654025772e-39 61.2085530232063
"170" 1.35335335335335 5.77507627793908e-39 61.5796056856731
"171" 1.36136136136136 8.36760963525575e-39 61.9504224775792
"172" 1.36936936936937 1.21210945126398e-38 62.3210015039385
"173" 1.37737737737738 1.75540840721308e-38 62.691340854553
"174" 1.38538538538539 2.54161394292655e-38 63.0614386038889
"175" 1.39339339339339 3.67904606426866e-38 63.4312928109563
"176" 1.4014014014014 5.32419861342044e-38 63.800901519183
"177" 1.40940940940941 7.70310459878484e-38 64.1702627562912
"178" 1.41741741741742 1.11421500673392e-37 64.539374534171
"179" 1.42542542542543 1.61125026818036e-37 64.9082348487531
"180" 1.43343343343343 2.32941525565381e-37 65.2768416798817
"181" 1.44144144144144 3.36681968166537e-37 65.6451929911853
"182" 1.44944944944945 4.86497862940962e-37 66.0132867299461
"183" 1.45745745745746 7.02795958635155e-37 66.3811208269709
"184" 1.46546546546547 1.01499501019985e-36 66.7486931964558
"185" 1.47347347347347 1.46549377845982e-36 67.116001735857
"186" 1.48148148148148 2.11538076223419e-36 67.4830443257535
"187" 1.48948948948949 3.05264775274856e-36 67.8498188297136
"188" 1.4974974974975 4.40400165266301e-36 68.2163230941579
"189" 1.50550550550551 6.35184580227127e-36 68.5825549482225
"190" 1.51351351351351 9.15868586235945e-36 68.9485122036195
"191" 1.52152152152152 1.32021956709125e-35 69.3141926544985
"192" 1.52952952952953 1.9025583572751e-35 69.6795940773055
"193" 1.53753753753754 2.7409912844356e-35 70.0447142306406
"194" 1.54554554554555 3.94779131627607e-35 70.4095508551156
"195" 1.55355355355355 5.68429483642882e-35 70.77410167321
"196" 1.56156156156156 8.18227145536833e-35 71.1383643891254
"197" 1.56956956956957 1.17745696988335e-34 71.5023366886387
"198" 1.57757757757758 1.6939050653175e-34 71.8660162389558
"199" 1.58558558558559 2.43615506289347e-34 72.2294006885615
"200" 1.59359359359359 3.5026085155024e-34 72.5924876670696
"201" 1.6016016016016 5.03440375476555e-34 72.9552747850737
"202" 1.60960960960961 7.23391185020192e-34 73.3177596339922
"203" 1.61761761761762 1.03912083730668e-33 73.6799397859165
"204" 1.62562562562563 1.49219473759368e-33 74.0418127934554
"205" 1.63363363363363 2.14215302681473e-33 74.4033761895793
"206" 1.64164164164164 3.07425534728466e-33 74.7646274874631
"207" 1.64964964964965 4.41055001356955e-33 75.1255641803278
"208" 1.65765765765766 6.32568900491752e-33 75.4861837412801
"209" 1.66566566566567 9.06951549362538e-33 75.8464836231519
"210" 1.67367367367367 1.2999312602363e-32 76.2064612583378
"211" 1.68168168168168 1.86258291168417e-32 76.5661140586309
"212" 1.68968968968969 2.66789438930086e-32 76.9254394150594
"213" 1.6976976976977 3.82013142206603e-32 77.2844346977185
"214" 1.70570570570571 5.46818845640573e-32 77.643097255604
"215" 1.71371371371371 7.82461508212287e-32 78.0014244164429
"216" 1.72172172172172 1.11927205322622e-31 78.3594134865234
"217" 1.72972972972973 1.60051713359064e-31 78.7170617505229
"218" 1.73773773773774 2.28789345676024e-31 79.0743664713357
"219" 1.74574574574575 3.26934586918539e-31 79.4313248898977
"220" 1.75375375375375 4.67018768325784e-31 79.7879342250113
"221" 1.76176176176176 6.66891186650907e-31 80.1441916731683
"222" 1.76976976976977 9.51966294621551e-31 80.5000944083709
"223" 1.77777777777778 1.35841628375391e-30 80.8556395819521
"224" 1.78578578578579 1.93770496375671e-30 81.2108243223933
"225" 1.79379379379379 2.76302384812161e-30 81.5656457351437
"226" 1.8018018018018 3.93842479220225e-30 81.9201009024332
"227" 1.80980980980981 5.61177363248104e-30 82.2741868830881
"228" 1.81781781781782 7.99311586499316e-30 82.6279007123445
"229" 1.82582582582583 1.13807046140767e-29 82.9812394016576
"230" 1.83383383383383 1.61978720798464e-29 83.3341999385126
"231" 1.84184184184184 2.30452397167972e-29 83.6867792862335
"232" 1.84984984984985 3.27746164082639e-29 84.0389743837884
"233" 1.85785785785786 4.65935485119664e-29 84.3907821455958
"234" 1.86586586586587 6.62131711636977e-29 84.7421994613274
"235" 1.87387387387387 9.40572028097128e-29 85.0932231957109
"236" 1.88188188188188 1.3355723737417e-28 85.4438501883292
"237" 1.88988988988989 1.89569781230638e-28 85.7940772534211
"238" 1.8978978978979 2.68964962900702e-28 86.1439011796766
"239" 1.90590590590591 3.81457206231017e-28 86.4933187300347
"240" 1.91391391391391 5.40776777869847e-28 86.8423266414751
"241" 1.92192192192192 7.66321325535728e-28 87.1909216248126
"242" 1.92992992992993 1.08548297642175e-27 87.5391003644863
"243" 1.93793793793794 1.53692579053477e-27 87.8868595183504
"244" 1.94594594594595 2.1751994913143e-27 88.234195717459
"245" 1.95395395395395 3.07723119149491e-27 88.5811055658547
"246" 1.96196196196196 4.35145513680646e-27 88.9275856403514
"247" 1.96996996996997 6.15064622377968e-27 89.2736324903154
"248" 1.97797797797798 8.68995099888571e-27 89.6192426374479
"249" 1.98598598598599 1.22722085516223e-26 89.9644125755625
"250" 1.99399399399399 1.73234908556535e-26 90.3091387703629
"251" 2.002002002002 2.44429620126089e-26 90.6534176592183
"252" 2.01001001001001 3.44727898881472e-26 90.9972456509363
"253" 2.01801801801802 4.85961246762245e-26 91.3406191255346
"254" 2.02602602602603 6.84743414025751e-26 91.6835344340115
"255" 2.03403403403403 9.64391810177637e-26 92.0259878981141
"256" 2.04204204204204 1.35761609063769e-25 92.3679758101026
"257" 2.05005005005005 1.9102782451737e-25 92.7094944325179
"258" 2.05805805805806 2.68664841653111e-25 93.0505399979409
"259" 2.06606606606607 3.77674748598848e-25 93.3911087087547
"260" 2.07407407407407 5.30659939017113e-25 93.7311967369041
"261" 2.08208208208208 7.45253841111807e-25 94.0708002236499
"262" 2.09009009009009 1.04611642389582e-24 94.4099152793266
"263" 2.0980980980981 1.46771587692368e-24 94.7485379830923
"264" 2.10610610610611 2.05820401822957e-24 95.0866643826827
"265" 2.11411411411411 2.88481241830979e-24 95.4242904941582
"266" 2.12212212212212 4.04136168403768e-24 95.7614123016507
"267" 2.13013013013013 5.65870541702964e-24 96.0980257571091
"268" 2.13813813813814 7.91924730515071e-24 96.4341267800435
"269" 2.14614614614615 1.10771080540827e-23 96.7697112572639
"270" 2.15415415415415 1.54861244567382e-23 97.1047750426202
"271" 2.16216216216216 2.1638699189409e-23 97.4393139567383
"272" 2.17017017017017 3.02196740473237e-23 97.7733237867565
"273" 2.17817817817818 4.21809910325611e-23 98.1068002860557
"274" 2.18618618618619 5.88450994304853e-23 98.4397391739917
"275" 2.19419419419419 8.20480884315444e-23 98.7721361356221
"276" 2.2022022022022 1.14337683453528e-22 99.1039868214345
"277" 2.21021021021021 1.59246964190994e-22 99.4352868470677
"278" 2.21821821821822 2.21672524304936e-22 99.7660317930364
"279" 2.22622622622623 3.08396591211047e-22 100.096217204448
"280" 2.23423423423423 4.28807446178724e-22 100.425838590723
"281" 2.24224224224224 5.95892814438546e-22 100.754891425308
"282" 2.25025025025025 8.27608758996414e-22 101.083371145388
"283" 2.25825825825826 1.1487647752802e-21 101.411273151599
"284" 2.26626626626627 1.59361801566193e-21 101.738592807737
"285" 2.27427427427427 2.20944100697687e-21 102.06532544046
"286" 2.28228228228228 3.06142484757424e-21 102.391466338996
"287" 2.29029029029029 4.23941318497646e-21 102.71701075484
"288" 2.2982982982983 5.86714419251787e-21 103.04195390146
"289" 2.30630630630631 8.11492581360562e-21 103.366290953984
"290" 2.31431431431431 1.12170075074919e-20 103.690017048903
"291" 2.32232232232232 1.54953718468695e-20 104.013127283758
"292" 2.33033033033033 2.13922952442668e-20 104.335616716829
"293" 2.33833833833834 2.95148779022532e-20 104.657480366825
"294" 2.34634634634635 4.06958986712422e-20 104.978713212567
"295" 2.35435435435435 5.60769187688363e-20 105.299310192667
"296" 2.36236236236236 7.72216849148942e-20 105.619266205212
"297" 2.37037037037037 1.06270763776925e-19 105.938576107439
"298" 2.37837837837838 1.46152240336786e-19 106.257234715407
"299" 2.38638638638639 2.00868589110994e-19 106.575236803675
"300" 2.39439439439439 2.75886958182587e-19 106.892577104962
"301" 2.4024024024024 3.78669735493462e-19 107.20925030982
"302" 2.41041041041041 5.19395259004172e-19 107.525251066299
"303" 2.41841841841842 7.11936046224107e-19 107.840573979603
"304" 2.42642642642643 9.75185507308314e-19 108.15521361175
"305" 2.43443443443443 1.33485584841463e-18 108.469164481233
"306" 2.44244244244244 1.82591254868237e-18 108.782421062664
"307" 2.45045045045045 2.49586811983827e-18 109.094977786434
"308" 2.45845845845846 3.40923479024938e-18 109.406829038353
"309" 2.46646646646647 4.65353890682184e-18 109.7179691593
"310" 2.47447447447447 6.34743802546076e-18 110.028392444861
"311" 2.48248248248248 8.65166658391631e-18 110.338093144973
"312" 2.49049049049049 1.17837832997321e-17 110.647065463553
"313" 2.4984984984985 1.60380237014566e-17 110.955303558141
"314" 2.50650650650651 2.18120019310835e-17 111.262801539523
"315" 2.51451451451451 2.96425935247713e-17 111.569553471362
"316" 2.52252252252252 4.025411343943e-17 111.875553369822
"317" 2.53053053053053 5.46229448193888e-17 112.180795203191
"318" 2.53853853853854 7.40641579994589e-17 112.485272891496
"319" 2.54654654654655 1.00347496996767e-16 112.788980306125
"320" 2.55455455455455 1.3585254852047e-16 113.091911269435
"321" 2.56256256256256 1.83776138889477e-16 113.394059554362
"322" 2.57057057057057 2.48409280408613e-16 113.695418884031
"323" 2.57857857857858 3.35506643307262e-16 113.995982931356
"324" 2.58658658658659 4.52778998638938e-16 114.295745318642
"325" 2.59459459459459 6.10548933356363e-16 114.594699617183
"326" 2.6026026026026 8.22623129477339e-16 114.892839346854
"327" 2.61061061061061 1.10745160315063e-15 115.190157975704
"328" 2.61861861861862 1.48966679381078e-15 115.486648919542
"329" 2.62662662662663 2.00212494416226e-15 115.782305541525
"330" 2.63463463463463 2.68861098776044e-15 116.077121151734
"331" 2.64264264264264 3.60741898433129e-15 116.371089006756
"332" 2.65065065065065 4.83608667928184e-15 116.664202309256
"333" 2.65865865865866 6.47764976922359e-15 116.95645420755
"334" 2.66666666666667 8.66889509167065e-15 117.247837795173
"335" 2.67467467467467 1.15912401984341e-14 117.53834611044
"336" 2.68268268268268 1.5485059922124e-14 117.827972136014
"337" 2.69069069069069 2.06685319003909e-14 118.116708798458
"338" 2.6986986986987 2.75623997187743e-14 118.404548967788
"339" 2.70670670670671 3.67224764203451e-14 118.691485457028
"340" 2.71471471471471 4.88822609470836e-14 118.977511021757
"341" 2.72272272272272 6.50087519840612e-14 119.262618359649
"342" 2.73073073073073 8.63754642683608e-14 119.546800110013
"343" 2.73873873873874 1.14657841310572e-13 119.830048853337
"344" 2.74674674674675 1.52057791815915e-13 120.112357110809
"345" 2.75475475475475 2.0146605203622e-13 120.393717343854
"346" 2.76276276276276 2.66673616557566e-13 120.674121953659
"347" 2.77077077077077 3.52646742984995e-13 120.953563280691
"348" 2.77877877877878 4.65884221392723e-13 121.232033604218
"349" 2.78678678678679 6.14880960502143e-13 121.509525141821
"350" 2.79479479479479 8.10728799820689e-13 121.786030048905
"351" 2.8028028028028 1.06789421533145e-12 122.061540418208
"352" 2.81081081081081 1.40522375650991e-12 122.336048279299
"353" 2.81881881881882 1.84724227759401e-12 122.609545598081
"354" 2.82682682682683 2.42582711452585e-12 122.882024276281
"355" 2.83483483483483 3.18236432530442e-12 123.153476150948
"356" 2.84284284284284 4.1705222260772e-12 123.423892993931
"357" 2.85085085085085 5.45981430704425e-12 123.69326651137
"358" 2.85885885885886 7.1401701834078e-12 123.961588343169
"359" 2.86686686686687 9.32779199700605e-12 124.228850062473
"360" 2.87487487487487 1.21726477041307e-11 124.495043175139
"361" 2.88288288288288 1.58680457738561e-11 124.760159119203
"362" 2.89089089089089 2.06628526974351e-11 125.024189264338
"363" 2.8988988988989 2.68770612029002e-11 125.287124911319
"364" 2.90690690690691 3.49216003716845e-11 125.548957291471
"365" 2.91491491491491 4.53235078162687e-11 125.80967756612
"366" 2.92292292292292 5.87578695681851e-11 126.069276826041
"367" 2.93093093093093 7.60882886651469e-11 126.327746090896
"368" 2.93893893893894 9.8418084897663e-11 126.585076308672
"369" 2.94694694694695 1.27154975648906e-10 126.841258355112
"370" 2.95495495495495 1.64092665411992e-10 127.096283033144
"371" 2.96296296296296 2.11513608755176e-10 127.350141072303
"372" 2.97097097097097 2.72318243780837e-10 127.602823128154
"373" 2.97897897897898 3.50187263442169e-10 127.854319781698
"374" 2.98698698698699 4.49785052213595e-10 128.104621538791
"375" 2.99499499499499 5.77014327747436e-10 128.353718829542
"376" 3.003003003003 7.39334365874996e-10 128.601602007717
"377" 3.01101101101101 9.46158041736233e-10 128.848261350135
"378" 3.01901901901902 1.20934639613846e-09 129.093687056057
"379" 3.02702702702703 1.54382366072102e-09 129.337869246575
"380" 3.03503503503504 1.96834079753921e-09 129.580797963992
"381" 3.04304304304304 2.50642180494261e-09 129.822463171196
"382" 3.05105105105105 3.18753451980162e-09 130.06285475104
"383" 3.05905905905906 4.04853664995485e-09 130.3019625057
"384" 3.06706706706707 5.13545858516455e-09 130.539776156043
"385" 3.07507507507508 6.50569749141868e-09 130.776285340981
"386" 3.08308308308308 8.23071267696426e-09 131.011479616826
"387" 3.09109109109109 1.03993306735515e-08 131.245348456637
"388" 3.0990990990991 1.31217904139441e-08 131.477881249556
"389" 3.10710710710711 1.65346848929742e-08 131.709067300153
"390" 3.11511511511512 2.08069864407371e-08 131.938895827757
"391" 3.12312312312312 2.61473789702041e-08 132.167355965775
"392" 3.13113113113113 3.28131631407123e-08 132.394436761023
"393" 3.13913913913914 4.11210502600206e-08 132.620127173036
"394" 3.14714714714715 5.14602189965093e-08 132.844416073382
"395" 3.15515515515516 6.43080767703732e-08 133.067292244965
"396" 3.16316316316316 8.02492463310942e-08 133.288744381326
"397" 3.17117117117117 9.99983889210698e-08 133.508761085942
"398" 3.17917917917918 1.24427580089875e-07 133.727330871507
"399" 3.18718718718719 1.54599074288593e-07 133.944442159224
"400" 3.1951951951952 1.91804431543279e-07 134.160083278077
"401" 3.2032032032032 2.37611135562602e-07 134.374242464109
"402" 3.21121121121121 2.93918009387569e-07 134.586907859683
"403" 3.21921921921922 3.63020933946915e-07 134.79806751275
"404" 3.22722722722723 4.47690598389898e-07 135.0077093761
"405" 3.23523523523524 5.5126426045905e-07 135.215821306613
"406" 3.24324324324324 6.77753771859851e-07 135.422391064503
"407" 3.25125125125125 8.31972428697134e-07 135.62740631256
"408" 3.25925925925926 1.01968354128994e-06 135.830854615375
"409" 3.26726726726727 1.24777398117694e-06 136.032723438574
"410" 3.27527527527528 1.52445635530829e-06 136.233000148035
"411" 3.28328328328328 1.85950387680564e-06 136.4316720091
"412" 3.29129129129129 2.26452244565744e-06 136.62872618579
"413" 3.2992992992993 2.75326491738124e-06 136.824149740002
"414" 3.30730730730731 3.34199301749704e-06 137.017929630707
"415" 3.31531531531532 4.04989284719754e-06 137.210052713141
"416" 3.32332332332332 4.89955041140332e-06 137.400505737987
"417" 3.33133133133133 5.91749407240704e-06 137.589275350555
"418" 3.33933933933934 7.13481127578611e-06 137.776348089948
"419" 3.34734734734735 8.58784729267992e-06 137.961710388237
"420" 3.35535535535536 1.03189940523261e-05 138.145348569607
"421" 3.36336336336336 1.23775773770811e-05 138.327248849519
"422" 3.37137137137137 1.4820851050003e-05 138.50739733385
"423" 3.37937937937938 1.77151061107214e-05 138.685780018034
"424" 3.38738738738739 2.11369035528411e-05 138.862382786193
"425" 3.3953953953954 2.51744381457515e-05 139.037191410266
"426" 3.4034034034034 2.99290403818815e-05 139.210191549123
"427" 3.41141141141141 3.55168225123557e-05 139.381368747681
"428" 3.41941941941942 4.20704732292162e-05 139.550708436009
"429" 3.42742742742743 4.97412037321452e-05 139.718195928423
"430" 3.43543543543544 5.87008456321199e-05 139.883816422584
"431" 3.44344344344344 6.91440983416631e-05 140.047554998577
"432" 3.45145145145145 8.12909202388768e-05 140.209396617993
"433" 3.45945945945946 9.53890539251263e-05 140.369326122996
"434" 3.46746746746747 0.000111716671291483 140.527328235388
"435" 3.47547547547548 0.000130585118843569 140.683387555669
"436" 3.48348348348348 0.0001523417377949 140.837488562079
"437" 3.49149149149149 0.000177372726831829 140.989615609647
"438" 3.4994994994995 0.000206106008205445 141.139752929221
"439" 3.50750750750751 0.000239014049958983 141.287884626498
"440" 3.51551551551552 0.000276616588741 141.433994681043
"441" 3.52352352352352 0.000319483188873305 141.578066945303
"442" 3.53153153153153 0.000368235564297167 141.720085143607
"443" 3.53953953953954 0.000423549580871121 141.86003287117
"444" 3.54754754754755 0.000486156847455455 141.997893593079
"445" 3.55555555555556 0.000556845795564481 142.133650643274
"446" 3.56356356356356 0.000636462139353063 142.267287223527
"447" 3.57157157157157 0.000725908600701006 142.398786402403
"448" 3.57957957957958 0.000826143778512452 142.528131114224
"449" 3.58758758758759 0.000938180037441967 142.655304158015
"450" 3.5955955955956 0.00106308028956465 142.780288196449
"451" 3.6036036036036 0.00120195354340011 142.903065754786
"452" 3.61161161161161 0.00135594909865912 143.023619219789
"453" 3.61961961961962 0.00152624927255147 143.141930838655
"454" 3.62762762762763 0.00171406055481247 143.257982717917
"455" 3.63563563563564 0.00192060310425659 143.371756822353
"456" 3.64364364364364 0.0021470985197951 143.48323497387
"457" 3.65165165165165 0.00239475584387396 143.5923988504
"458" 3.65965965965966 0.00266475578610973 143.699229984773
"459" 3.66766766766767 0.00295823318968893 143.803709763585
"460" 3.67567567567568 0.00327625780260675 143.905819426056
"461" 3.68368368368368 0.00361981345974022 144.005540062888
"462" 3.69169169169169 0.00398977582960248 144.102852615103
"463" 3.6996996996997 0.00438688893071779 144.197737872879
"464" 3.70770770770771 0.00481174067590944 144.290176474373
"465" 3.71571571571572 0.00526473775750859 144.380148904542
"466" 3.72372372372372 0.00574608024088194 144.467635493947
"467" 3.73173173173173 0.00625573628683567 144.552616417553
"468" 3.73973973973974 0.00679341747305643 144.635071693518
"469" 3.74774774774775 0.00735855522956262 144.714981181977
"470" 3.75575575575576 0.00795027894101759 144.792324583808
"471" 3.76376376376376 0.00856739629785126 144.867081439399
"472" 3.77177177177177 0.00920837649649162 144.939231127398
"473" 3.77977977977978 0.00987133689492987 145.008752863457
"474" 3.78778778778779 0.0105540337216736 145.075625698971
"475" 3.7957957957958 0.0112538574121317 145.139828519795
"476" 3.8038038038038 0.0119678331061608 145.201340044965
"477" 3.81181181181181 0.0126926267825304 145.260138825402
"478" 3.81981981981982 0.0134245574303487 145.316203242606
"479" 3.82782782782783 0.0141596155646907 145.369511507348
"480" 3.83583583583584 0.0148934882839265 145.420041658339
"481" 3.84384384384384 0.0156215909413867 145.467771560903
"482" 3.85185185185185 0.0163391053663945 145.512678905631
"483" 3.85985985985986 0.0170410244208513 145.554741207026
"484" 3.86786786786787 0.0177222025225094 145.593935802142
"485" 3.87587587587588 0.0183774116064601 145.630239849213
"486" 3.88388388388388 0.0190014018386452 145.663630326263
"487" 3.89189189189189 0.0195889662418947 145.694084029717
"488" 3.8998998998999 0.0201350082524322 145.721577572995
"489" 3.90790790790791 0.0206346110970074 145.746087385099
"490" 3.91591591591592 0.0210831077725447 145.767589709184
"491" 3.92392392392392 0.021476150326684 145.786060601125
"492" 3.93193193193193 0.0218097770816488 145.801475928074
"493" 3.93993993993994 0.0220804764197764 145.813811366996
"494" 3.94794794794795 0.0222852457596487 145.823042403205
"495" 3.95595595595596 0.0224216443970213 145.829144328886
"496" 3.96396396396396 0.0224878389677187 145.832092241606
"497" 3.97197197197197 0.022482640407388 145.83186104281
"498" 3.97997997997998 0.0224055314358223 145.828425436313
"499" 3.98798798798799 0.0222566837761995 145.821759926776
"500" 3.995995995996 0.0220369645307532 145.811838818172
"501" 4.004004004004 0.0217479313660455 145.798636212241
"502" 4.01201201201201 0.0213918164090825 145.782126006937
"503" 4.02002002002002 0.0209714990122668 145.762281894852
"504" 4.02802802802803 0.0204904678034705 145.739077361646
"505" 4.03603603603604 0.0199527726895726 145.712485684449
"506" 4.04404404404404 0.0193629677200953 145.682479930265
"507" 4.05205205205205 0.0187260459348619 145.64903295435
"508" 4.06006006006006 0.0180473675088257 145.612117398593
"509" 4.06806806806807 0.0173325826624195 145.571705689875
"510" 4.07607607607608 0.0165875509224428 145.527770038419
"511" 4.08408408408408 0.0158182583922173 145.480282436129
"512" 4.09209209209209 0.0150307347191214 145.429214654915
"513" 4.1001001001001 0.0142309714308791 145.374538245009
"514" 4.10810810810811 0.0134248432510561 145.316224533265
"515" 4.11611611611612 0.0126180339003492 145.254244621448
"516" 4.12412412412412 0.011815967747627 145.188569384511
"517" 4.13213213213213 0.0110237484986353 145.119169468864
"518" 4.14014014014014 0.0102461059058869 145.046015290616
"519" 4.14814814814815 0.00948735125865997 144.969077033824
"520" 4.15615615615616 0.00875134217363067 144.888324648715
"521" 4.16416416416416 0.00804145696289101 144.8037278499
"522" 4.17217217217217 0.00736057861440674 144.715256114576
"523" 4.18018018018018 0.00671108818779856 144.62287868071
"524" 4.18818818818819 0.00609486721242926 144.526564545221
"525" 4.1961961961962 0.00551330848132133 144.426282462134
"526" 4.2042042042042 0.00496733446803977 144.322000940734
"527" 4.21221221221221 0.00445742245847559 144.213688243698
"528" 4.22022022022022 0.0039836353876946 144.101312385218
"529" 4.22822822822823 0.00354565730495684 143.984841129111
"530" 4.23623623623624 0.00314283235765722 143.864241986909
"531" 4.24424424424424 0.00277420618581093 143.739482215945
"532" 4.25225225225225 0.00243856865062993 143.61052881742
"533" 4.26026026026026 0.00213449688021559 143.477348534452
"534" 4.26826826826827 0.00186039769853526 143.339907850123
"535" 4.27627627627628 0.00161454860597444 143.198172985499
"536" 4.28428428428428 0.00139513659606765 143.052109897645
"537" 4.29229229229229 0.00120029421844887 142.901684277619
"538" 4.3003003003003 0.00102813242787545 142.746861548464
"539" 4.30830830830831 0.000876769888676643 142.587606863165
"540" 4.31631631631632 0.000744358529136676 142.423885102615
"541" 4.32432432432432 0.000629105257484452 142.255660873548
"542" 4.33233233233233 0.000529289857518573 142.082898506469
"543" 4.34034034034034 0.000443279175123081 141.905562053564
"544" 4.34834834834835 0.000369537785653289 141.723615286593
"545" 4.35635635635636 0.000306635395483245 141.53702169478
"546" 4.36436436436436 0.000253251278836463 141.345744482671
"547" 4.37237237237237 0.000208176083764503 141.149746567989
"548" 4.38038038038038 0.000170311359721293 140.948990579476
"549" 4.38838838838839 0.000138667164932232 140.743438854703
"550" 4.3963963963964 0.000112358106277687 140.533053437888
"551" 4.4044044044044 9.05981494936632e-05 140.31779607768
"552" 4.41241241241241 7.26945150315832e-05 140.09762822494
"553" 4.42042042042042 5.80409467922464e-05 139.872511030492
"554" 4.42842842842843 4.61106089697647e-05 139.642405342878
"555" 4.43643643643644 3.64488320794732e-05 139.407271706081
"556" 4.44444444444444 2.86658943912748e-05 139.167070357238
"557" 4.45245245245245 2.24299907129481e-05 138.921761224341
"558" 4.46046046046046 1.74605078078467e-05 138.671303923912
"559" 4.46846846846847 1.35216954900502e-05 138.415657758676
"560" 4.47647647647648 1.04167951865532e-05 138.154781715202
"561" 4.48448448448448 7.9826638511312e-06 137.888634461544
"562" 4.49249249249249 6.08491072490991e-06 137.617174344849
"563" 4.5005005005005 4.61354757038389e-06 137.340359388965
"564" 4.50850850850851 3.4791395315581e-06 137.058147292021
"565" 4.51651651651652 2.60943346391259e-06 136.770495423993
"566" 4.52452452452452 1.94643313173612e-06 136.477360824256
"567" 4.53253253253253 1.44388573906192e-06 136.178700199121
"568" 4.54054054054054 1.06514147369603e-06 135.874469919345
"569" 4.54854854854855 7.81346729201082e-07 135.564626017636
"570" 4.55655655655656 5.6993206827589e-07 135.249124186136
"571" 4.56456456456456 4.13357469843987e-07 134.927919773883
"572" 4.57257257257257 2.98079662137674e-07 134.600967784263
"573" 4.58058058058058 2.13709125023601e-07 134.268222872443
"574" 4.58858858858859 1.52327427436009e-07 133.929639342781
"575" 4.5965965965966 1.07938771450986e-07 133.585171146221
"576" 4.6046046046046 7.60328030929219e-08 133.234771877682
"577" 4.61261261261261 5.32388164350415e-08 132.878394773406
"578" 4.62062062062062 3.70543479131733e-08 132.515992708312
"579" 4.62862862862863 2.56337843455749e-08 132.147518193317
"580" 4.63663663663664 1.76249649804658e-08 131.772923372645
"581" 4.64464464464464 1.20438361981923e-08 131.392160021117
"582" 4.65265265265265 8.17902156638047e-09 131.005179541421
"583" 4.66066066066066 5.51971346538502e-09 130.61193296137
"584" 4.66866866866867 3.70159541612477e-09 130.212370931133
"585" 4.67667667667668 2.46659019634753e-09 129.806443720453
"586" 4.68468468468468 1.63312311812476e-09 129.394101215849
"587" 4.69269269269269 1.07431785525868e-09 128.97529291779
"588" 4.7007007007007 7.02128338695496e-10 128.549967937862
"589" 4.70870870870871 4.55877103816556e-10 128.118074995907
"590" 4.71671671671672 2.94038492387681e-10 127.679562417148
"591" 4.72472472472472 1.88392282401746e-10 127.234378129296
"592" 4.73273273273273 1.19895187995354e-10 126.782469659635
"593" 4.74074074074074 7.5787426394978e-11 126.323784132085
"594" 4.74874874874875 4.75801916283983e-11 125.858268264256
"595" 4.75675675675676 2.96664456958667e-11 125.385868364473
"596" 4.76476476476476 1.83692596610947e-11 124.906530328786
"597" 4.77277277277277 1.12948617065657e-11 124.420199637961
"598" 4.78078078078078 6.89619370581509e-12 123.926821354448
"599" 4.78878878878879 4.18074051457428e-12 123.426340119334
"600" 4.7967967967968 2.51644808551199e-12 122.918700149272
"601" 4.8048048048048 1.50379738872159e-12 122.403845233398
"602" 4.81281281281281 8.9213929196876e-13 121.881718730213
"603" 4.82082082082082 5.25403800916591e-13 121.352263564463
"604" 4.82882882882883 3.07146788293357e-13 120.815422223988
"605" 4.83683683683684 1.78223842724484e-13 120.271136756551
"606" 4.84484484484484 1.02642524301533e-13 119.719348766654
"607" 4.85285285285285 5.86685002073843e-14 119.159999412325
"608" 4.86086086086086 3.32792123725807e-14 118.593029401892
"609" 4.86886886886887 1.87329225081719e-14 118.018378990731
"610" 4.87687687687688 1.04634844553295e-14 117.435987977997
"611" 4.88488488488488 5.79907980366533e-15 116.845795703333
"612" 4.89289289289289 3.18879974545909e-15 116.247741043561
"613" 4.9009009009009 1.73961870897038e-15 115.641762409346
"614" 4.90890890890891 9.41483260109831e-16 115.027797741844
"615" 4.91691691691692 5.05447075376131e-16 114.405784509331
"616" 4.92492492492492 2.69163373015993e-16 113.775659703807
"617" 4.93293293293293 1.42169308913923e-16 113.137359837578
"618" 4.94094094094094 7.44762115167844e-17 112.490820939822
"619" 4.94894894894895 3.86921748450166e-17 111.83597855313
"620" 4.95695695695696 1.99339948082672e-17 111.172767730025
"621" 4.96496496496496 1.01836333243871e-17 110.501123029465
"622" 4.97297297297297 5.15845615207062e-18 109.820978513317
"623" 4.98098098098098 2.59069600883196e-18 109.132267742815
"624" 4.98898898898899 1.28992309597128e-18 108.434923774997
"625" 4.996996996997 6.36696610947877e-19 107.728879159113
"626" 5.00500500500501 3.11525139017926e-19 107.014065933023
"627" 5.01301301301301 1.5108305589164e-19 106.290415619561
"628" 5.02102102102102 7.26223937365876e-20 105.557859222885
"629" 5.02902902902903 3.45961128321783e-20 104.816327224806
"630" 5.03703703703704 1.63326094021391e-20 104.065749581086
"631" 5.04504504504505 7.6405517777083e-21 103.306055717728
"632" 5.05305305305305 3.54163552188237e-21 102.537174527226
"633" 5.06106106106106 1.62652928204044e-21 101.759034364812
"634" 5.06906906906907 7.40060861956457e-22 100.971563044665
"635" 5.07707707707708 3.33571494985457e-22 100.17468783611
"636" 5.08508508508509 1.48934236660295e-22 99.3683354597814
"637" 5.09309309309309 6.58646229329192e-23 98.5524320837799
"638" 5.1011011011011 2.88489242288591e-23 97.7269033197931
"639" 5.10910910910911 1.25139447590845e-23 96.8916742191992
"640" 5.11711711711712 5.37543044280753e-24 96.0466692691521
"641" 5.12512512512513 2.2864074181888e-24 95.1918123886344
"642" 5.13313313313313 9.62901948210382e-25 94.3270269244979
"643" 5.14114114114114 4.01481040455242e-25 93.4522356474715
"644" 5.14914914914915 1.65717645793121e-25 92.5673607481572
"645" 5.15715715715716 6.77109896915653e-26 91.6723238329939
"646" 5.16516516516517 2.73843199015837e-26 90.7670459202014
"647" 5.17317317317317 1.09613132752393e-26 89.8514474357045
"648" 5.18118118118118 4.34216413328135e-27 88.92544820903
"649" 5.18918918918919 1.70214995629797e-27 87.9889674691829
"650" 5.1971971971972 6.60240249054469e-28 87.0419238405001
"651" 5.20520520520521 2.53386319960423e-28 86.0842353384781
"652" 5.21321321321321 9.62067294167105e-29 85.1158193655795
"653" 5.22122122122122 3.61353875241799e-29 84.1365927070194
"654" 5.22922922922923 1.3425440724874e-29 83.1464715265222
"655" 5.23723723723724 4.9335129689425e-30 82.1453713620602
"656" 5.24524524524525 1.79299438603011e-30 81.1332071215673
"657" 5.25325325325325 6.44405572995322e-31 80.1098930786288
"658" 5.26126126126126 2.29012843958033e-31 79.07534286815
"659" 5.26926926926927 8.04716302441997e-32 78.0294694819991
"660" 5.27727727727728 2.79556824215654e-32 76.9721852646276
"661" 5.28528528528529 9.60071072563066e-33 75.9034019086688
"662" 5.29329329329329 3.25914754361426e-33 74.8230304505109
"663" 5.3013013013013 1.09353600484206e-33 73.7309812658469
"664" 5.30930930930931 3.62619677693246e-34 72.6271640652028
"665" 5.31731731731732 1.18828156854888e-34 71.5114878894424
"666" 5.32532532532533 3.84766515935238e-35 70.3838611052444
"667" 5.33333333333333 1.23096302172515e-35 69.2441914005626
"668" 5.34134134134134 3.89065016043778e-36 68.0923857800574
"669" 5.34934934934935 1.21475336020935e-36 66.9283505605071
"670" 5.35735735735736 3.74629352982837e-37 65.7519913661944
"671" 5.36536536536537 1.14109544447646e-37 64.5632131242688
"672" 5.37337337337337 3.43247215355265e-38 63.3619200600876
"673" 5.38138138138138 1.01956531886232e-38 62.1480156925323
"674" 5.38938938938939 2.9902249187907e-39 60.9214028293005
"675" 5.3973973973974 8.65826567568032e-40 59.681983562178
"676" 5.40540540540541 2.47487560518204e-40 58.4296592622823
"677" 5.41341341341341 6.98277596354655e-41 57.1643305752886
"678" 5.42142142142142 1.94451654183466e-41 55.8858974166269
"679" 5.42942942942943 5.34392298473905e-42 54.5942589666613
"680" 5.43743743743744 1.44920441098305e-42 53.2893136658399
"681" 5.44544544544545 3.87771227832526e-43 51.9709592098283
"682" 5.45345345345345 1.02365411940428e-43 50.6390925446147
"683" 5.46146146146146 2.6657384349212e-44 49.2936098615919
"684" 5.46946946946947 6.8473583087546e-45 47.9344065926227
"685" 5.47747747747748 1.73469870626168e-45 46.5613774050725
"686" 5.48548548548549 4.33385578256454e-46 45.1744161968262
"687" 5.49349349349349 1.06764738395661e-46 43.7734160912799
"688" 5.5015015015015 2.59320861174962e-47 42.3582694323089
"689" 5.50950950950951 6.20949390043216e-48 40.9288677792142
"690" 5.51751751751752 1.46567152683866e-48 39.4851019016445
"691" 5.52552552552553 3.40981651996738e-49 38.0268617744975
"692" 5.53353353353353 7.81791875037127e-50 36.5540365727975
"693" 5.54154154154154 1.7663167892086e-50 35.0665146665493
"694" 5.54954954954955 3.93200907571859e-51 33.5641836155735
"695" 5.55755755755756 8.62342340154651e-52 32.0469301643137
"696" 5.56556556556557 1.86300769956718e-52 30.5146402366259
"697" 5.57357357357357 3.96432662700529e-53 28.9671989305442
"698" 5.58158158158158 8.3079483316207e-54 27.4044905130235
"699" 5.58958958958959 1.71449844940777e-54 25.826398414662
"700" 5.5975975975976 3.48376111819243e-55 24.2328052243993
"701" 5.60560560560561 6.96909269937129e-56 22.6235926841952
"702" 5.61361361361361 1.372362961524e-56 20.998641683685
"703" 5.62162162162162 2.65995633608905e-57 19.3578322548132
"704" 5.62962962962963 5.07388152909693e-58 17.7010435664479
"705" 5.63763763763764 9.52387265711591e-59 16.0281539189702
"706" 5.64564564564565 1.7588995849327e-59 14.3390407388453
"707" 5.65365365365365 3.19572284560087e-60 12.6335805731714
"708" 5.66166166166166 5.71141560083341e-61 10.911649084207
"709" 5.66966966966967 1.00394663623566e-61 9.17312104387956
"710" 5.67767767767768 1.73546128101352e-62 7.41787032826975
"711" 5.68568568568569 2.94986062326496e-63 5.64576991207893
"712" 5.69369369369369 4.92963508908292e-64 3.85669186307366
"713" 5.7017017017017 8.09839207979164e-65 2.05050733651133
"714" 5.70970970970971 1.30766717375393e-65 0.227086569545537
"715" 5.71771771771772 2.07516810611983e-66 -1.61370112438932
"716" 5.72572572572573 3.2360097804152e-67 -3.47198736121233
"717" 5.73373373373373 4.9580314849531e-68 -5.34790469184979
"718" 5.74174174174174 7.46266031220716e-69 -7.24158660790927
"719" 5.74974974974975 1.10332794982798e-69 -9.15316754737111
"720" 5.75775775775776 1.60207675817151e-70 -11.082782900301
"721" 5.76576576576577 2.28439162168091e-71 -13.0305690145798
"722" 5.77377377377377 3.1982079781006e-72 -14.9966632016525
"723" 5.78178178178178 4.39573695962457e-73 -16.9812037422953
"724" 5.78978978978979 5.93041468949824e-74 -18.9843298924003
"725" 5.7977977977978 7.85246297966299e-75 -21.0061818887799
"726" 5.80580580580581 1.02031170295733e-75 -23.046900954987
"727" 5.81381381381381 1.30078107709361e-76 -25.1066293071526
"728" 5.82182182182182 1.6268882690311e-77 -27.1855101598424
"729" 5.82982982982983 1.99586327049853e-78 -29.2836877319278
"730" 5.83783783783784 2.40137681608429e-79 -31.4013072524759
"731" 5.84584584584585 2.83323629395747e-80 -33.5385149666544
"732" 5.85385385385385 3.27743643805833e-81 -35.6954581416533
"733" 5.86186186186186 3.71663877628409e-82 -37.8722850726216
"734" 5.86986986986987 4.13110440677338e-83 -40.0691450886207
"735" 5.87787787787788 4.50004053758834e-84 -42.2861885585921
"736" 5.88588588588589 4.8032518598385e-85 -44.523566897341
"737" 5.89389389389389 5.02292572729103e-86 -46.7814325715341
"738" 5.9019019019019 5.14533838577219e-87 -49.0599391057102
"739" 5.90990990990991 5.16225886041241e-88 -51.3592410883082
"740" 5.91791791791792 5.071853085613e-89 -53.6794941777059
"741" 5.92592592592593 4.87895185688974e-90 -56.0208551082735
"742" 5.93393393393393 4.59463316083581e-91 -58.3834816964393
"743" 5.94194194194194 4.23516742454963e-92 -60.7675328467687
"744" 5.94994994994995 3.82046538056522e-93 -63.1731685580559
"745" 5.95795795795796 3.37223579215826e-94 -65.6005499294263
"746" 5.96596596596597 2.91209228224551e-95 -68.0498391664514
"747" 5.97397397397397 2.45984045545286e-96 -70.5211995872752
"748" 5.98198198198198 2.03213211302173e-97 -73.0147956287498
"749" 5.98998998998999 1.64160334397535e-98 -75.5307928525831
"750" 5.997997997998 1.29653251805116e-99 -78.069357951497
"751" 6.00600600600601 1.00097817429458e-100 -80.6306587553916
"752" 6.01401401401401 7.55298160634181e-102 -83.2148642375237
"753" 6.02202202202202 5.56917656945181e-103 -85.8221445206894
"754" 6.03003003003003 4.01206447353432e-104 -88.4526708834181
"755" 6.03803803803804 2.82341219122555e-105 -91.1066157661735
"756" 6.04604604604605 1.94059423328214e-106 -93.784152777561
"757" 6.05405405405405 1.30248685439607e-107 -96.4854567005435
"758" 6.06206206206206 8.53520000831411e-109 -99.2107034986627
"759" 6.07007007007007 5.45982675423431e-110 -101.960070322266
"760" 6.07807807807808 3.40872035968277e-111 -104.733735514743
"761" 6.08608608608609 2.07669761883543e-112 -107.531878618758
"762" 6.09409409409409 1.23437192505635e-113 -110.354680382497
"763" 6.1021021021021 7.15699414431989e-115 -113.202322765915
"764" 6.11011011011011 4.04713406563143e-116 -116.074988946981
"765" 6.11811811811812 2.23160198067411e-117 -118.972863327938
"766" 6.12612612612613 1.19965808128365e-118 -121.896131541549
"767" 6.13413413413413 6.2862069116539e-120 -124.844980457366
"768" 6.14214214214214 3.21017424141204e-121 -127.819598187978
"769" 6.15015015015015 1.59733146450774e-122 -130.820174095276
"770" 6.15815815815816 7.7429278148766e-124 -133.846898796711
"771" 6.16616616616617 3.65574391089237e-125 -136.899964171553
"772" 6.17417417417417 1.68082627402742e-126 -139.979563367146
"773" 6.18218218218218 7.52422827269085e-128 -143.085890805167
"774" 6.19019019019019 3.27874904370036e-129 -146.21914218788
"775" 6.1981981981982 1.39051577160195e-130 -149.379514504383
"776" 6.20620620620621 5.73824486275936e-132 -152.56720603686
"777" 6.21421421421421 2.3037267865352e-133 -155.78241636682
"778" 6.22222222222222 8.99589466595533e-135 -159.025346381335
"779" 6.23023023023023 3.41610673174975e-136 -162.296198279276
"780" 6.23823823823824 1.26125759545492e-137 -165.595175577533
"781" 6.24624624624625 4.52660387159998e-139 -168.92248311724
"782" 6.25425425425425 1.57887584193706e-140 -172.278327069984
"783" 6.26226226226226 5.35106396624576e-142 -175.662914944004
"784" 6.27027027027027 1.76180677632496e-143 -179.076455590392
"785" 6.27827827827828 5.63392539276583e-145 -182.519159209272
"786" 6.28628628628629 1.74947085447051e-146 -185.991237355973
"787" 6.29429429429429 5.27415231623915e-148 -189.492902947194
"788" 6.3023023023023 1.54331969296872e-149 -193.024370267152
"789" 6.31031031031031 4.38250825116514e-151 -196.585854973717
"790" 6.31831831831832 1.20742160704584e-152 -200.17757410454
"791" 6.32632632632633 3.22678211075985e-154 -203.799746083156
"792" 6.33433433433433 8.3629474786337e-156 -207.452590725079
"793" 6.34234234234234 2.10151288833197e-157 -211.136329243882
"794" 6.35035035035035 5.11906948325571e-159 -214.851184257251
"795" 6.35835835835836 1.20847863032225e-160 -218.597379793035
"796" 6.36636636636637 2.76425434406491e-162 -222.375141295261
"797" 6.37437437437437 6.12504910206353e-164 -226.184695630142
"798" 6.38238238238238 1.31442118356176e-165 -230.026271092061
"799" 6.39039039039039 2.73119781394002e-167 -233.900097409532
"800" 6.3983983983984 5.49370074648789e-169 -237.806405751135
"801" 6.40640640640641 1.06947110270065e-170 -241.745428731441
"802" 6.41441441441441 2.01448328900493e-172 -245.717400416898
"803" 6.42242242242242 3.6706802585694e-174 -249.722556331696
"804" 6.43043043043043 6.46866697445266e-176 -253.761133463617
"805" 6.43843843843844 1.10221119821219e-177 -257.833370269838
"806" 6.44644644644645 1.81548403005492e-179 -261.939506682726
"807" 6.45445445445445 2.88996637906543e-181 -266.079784115588
"808" 6.46246246246246 4.44488368797564e-183 -270.254445468402
"809" 6.47047047047047 6.6037272373674e-185 -274.463735133514
"810" 6.47847847847848 9.47484640963888e-187 -278.707899001295
"811" 6.48648648648649 1.31250847063568e-188 -282.987184465781
"812" 6.49449449449449 1.75497461212711e-190 -287.301840430261
"813" 6.5025025025025 2.26448575674498e-192 -291.652117312845
"814" 6.51051051051051 2.81896033387398e-194 -296.038267051985
"815" 6.51851851851852 3.38468981513089e-196 -300.460543111965
"816" 6.52652652652653 3.91875921398789e-198 -304.919200488349
"817" 6.53453453453453 4.37387803421577e-200 -309.414495713391
"818" 6.54254254254254 4.70501553845867e-202 -313.946686861405
"819" 6.55055055055055 4.87662103353665e-204 -318.516033554089
"820" 6.55855855855856 4.86885766143917e-206 -323.122796965814
"821" 6.56656656656657 4.68135063764377e-208 -327.767239828862
"822" 6.57457457457457 4.3334770876438e-210 -332.449626438616
"823" 6.58258258258258 3.86106946356446e-212 -337.170222658717
"824" 6.59059059059059 3.31030763695972e-214 -341.929295926157
"825" 6.5985985985986 2.73024673042785e-216 -346.727115256336
"826" 6.60660660660661 2.16566219152298e-218 -351.563951248059
"827" 6.61461461461461 1.65164460594312e-220 -356.44007608849
"828" 6.62262262262262 1.21076723697814e-222 -361.355763558047
"829" 6.63063063063063 8.52910165996267e-225 -366.311289035246
"830" 6.63863863863864 5.77197182939557e-227 -371.306929501492
"831" 6.64664664664665 3.75147802379794e-229 -376.342963545808
"832" 6.65465465465465 2.34107977276695e-231 -381.419671369514
"833" 6.66266266266266 1.40230740866191e-233 -386.537334790835
"834" 6.67067067067067 8.06046985358156e-236 -391.696237249467
"835" 6.67867867867868 4.44471377227331e-238 -396.896663811061
"836" 6.68668668668669 2.35054754547761e-240 -402.13890117166
"837" 6.69469469469469 1.19182052934531e-242 -407.423237662062
"838" 6.7027027027027 5.79219709650374e-245 -412.749963252125
"839" 6.71071071071071 2.69736552910172e-247 -418.119369554997
"840" 6.71871871871872 1.20329722513627e-249 -423.531749831284
"841" 6.72672672672673 5.14060919841243e-252 -428.987398993144
"842" 6.73473473473473 2.10250010825358e-254 -434.486613608316
"843" 6.74274274274274 8.23014923509322e-257 -440.029691904065
"844" 6.75075075075075 3.08247383126503e-259 -445.61693377107
"845" 6.75875875875876 1.10428233833817e-261 -451.24864076722
"846" 6.76676676676677 3.78284200863997e-264 -456.925116121341
"847" 6.77477477477477 1.23874299500127e-266 -462.646664736844
"848" 6.78278278278278 3.87646622654521e-269 -468.413593195298
"849" 6.79079079079079 1.15890731766551e-271 -474.226209759909
"850" 6.7987987987988 3.30890809273245e-274 -480.084824378933
"851" 6.80680680680681 9.02004409407103e-277 -485.989748688991
"852" 6.81481481481481 2.34684548411638e-279 -491.941296018303
"853" 6.82282282282282 5.82606599803073e-282 -497.939781389839
"854" 6.83083083083083 1.37957025066936e-284 -503.985521524378
"855" 6.83883883883884 3.11495279489393e-287 -510.078834843475
"856" 6.84684684684685 6.70439075359406e-290 -516.220041472339
"857" 6.85485485485485 1.37507883473091e-292 -522.409463242618
"858" 6.86286286286286 2.6866790857777e-295 -528.647423695087
"859" 6.87087087087087 4.9989944497694e-298 -534.934248082244
"860" 6.87887887887888 8.85495130959283e-301 -541.270263370803
"861" 6.88688688688689 1.49273810109467e-303 -547.655798244094
"862" 6.89489489489489 2.39404045145153e-306 -554.091183104352
"863" 6.9029029029029 3.65161966288399e-309 -560.576750074916
"864" 6.91091091091091 5.29542459637374e-312 -567.112833002312
"865" 6.91891891891892 7.29846452725556e-315 -573.699767458247
"866" 6.92692692692693 9.55721079380953e-318 -580.337890741474
"867" 6.93493493493493 1.18872194389404e-320 -587.027541879562
"868" 6.94294294294294 1.48219693752374e-323 -593.769061630557
"869" 6.95095095095095 0 -600.562792484523
"870" 6.95895895895896 0 -607.40907866498
"871" 6.96696696696697 0 -614.308266130212
"872" 6.97497497497497 0 -621.260702574466
"873" 6.98298298298298 0 -628.266737429052
"874" 6.99099099099099 0 -635.326721863275
"875" 6.998998998999 0 -642.441008785302
"876" 7.00700700700701 0 -649.609952842859
"877" 7.01501501501502 0 -656.833910423835
"878" 7.02302302302302 0 -664.113239656744
"879" 7.03103103103103 0 -671.448300411064
"880" 7.03903903903904 0 -678.839454297435
"881" 7.04704704704705 0 -686.28706466775
"882" 7.05505505505506 0 -693.79149661509
"883" 7.06306306306306 0 -701.353116973541
"884" 7.07107107107107 0 -708.972294317857
"885" 7.07907907907908 0 -716.649398963
"886" 7.08708708708709 0 -724.384802963543
"887" 7.0950950950951 0 -732.178880112918
"888" 7.1031031031031 0 -740.032005942527
"889" 7.11111111111111 0 -747.944557720719
"890" 7.11911911911912 0 -755.916914451615
"891" 7.12712712712713 0 -763.949456873768
"892" 7.13513513513514 0 -772.042567458712
"893" 7.14314314314314 0 -780.196630409324
"894" 7.15115115115115 0 -788.412031658054
"895" 7.15915915915916 0 -796.689158865007
"896" 7.16716716716717 0 -805.028401415842
"897" 7.17517517517518 0 -813.430150419541
"898" 7.18318318318318 0 -821.89479870602
"899" 7.19119119119119 0 -830.422740823553
"900" 7.1991991991992 0 -839.014373036082
"901" 7.20720720720721 0 -847.670093320306
"902" 7.21521521521522 0 -856.390301362655
"903" 7.22322322322322 0 -865.175398556084
"904" 7.23123123123123 0 -874.025787996679
"905" 7.23923923923924 0 -882.941874480128
"906" 7.24724724724725 0 -891.924064497998
"907" 7.25525525525526 0 -900.972766233859
"908" 7.26326326326326 0 -910.088389559212
"909" 7.27127127127127 0 -919.271346029272
"910" 7.27927927927928 0 -928.522048878543
"911" 7.28728728728729 0 -937.840913016256
"912" 7.2952952952953 0 -947.228355021596
"913" 7.3033033033033 0 -956.684793138754
"914" 7.31131131131131 0 -966.210647271826
"915" 7.31931931931932 0 -975.806338979494
"916" 7.32732732732733 0 -985.472291469546
"917" 7.33533533533534 0 -995.208929593212
"918" 7.34334334334334 0 -1005.0166798393
"919" 7.35135135135135 0 -1014.89597032816
"920" 7.35935935935936 0 -1024.84723080547
"921" 7.36736736736737 0 -1034.87089263579
"922" 7.37537537537538 0 -1044.96738879597
"923" 7.38338338338338 0 -1055.13715386836
"924" 7.39139139139139 0 -1065.38062403383
"925" 7.3993993993994 0 -1075.69823706456
"926" 7.40740740740741 0 -1086.09043231667
"927" 7.41541541541542 0 -1096.55765072268
"928" 7.42342342342342 0 -1107.10033478371
"929" 7.43143143143143 0 -1117.71892856155
"930" 7.43943943943944 0 -1128.41387767048
"931" 7.44744744744745 0 -1139.1856292689
"932" 7.45545545545546 0 -1150.03463205084
"933" 7.46346346346346 0 -1160.96133623713
"934" 7.47147147147147 0 -1171.96619356648
"935" 7.47947947947948 0 -1183.04965728633
"936" 7.48748748748749 0 -1194.2121821435
"937" 7.4954954954955 0 -1205.4542243746
"938" 7.5035035035035 0 -1216.77624169631
"939" 7.51151151151151 0 -1228.17869329538
"940" 7.51951951951952 0 -1239.66203981851
"941" 7.52752752752753 0 -1251.22674336194
"942" 7.53553553553554 0 -1262.87326746089
"943" 7.54354354354354 0 -1274.60207707879
"944" 7.55155155155155 0 -1286.4136385963
"945" 7.55955955955956 0 -1298.30841980013
"946" 7.56756756756757 0 -1310.2868898716
"947" 7.57557557557558 0 -1322.34951937512
"948" 7.58358358358358 0 -1334.49678024633
"949" 7.59159159159159 0 -1346.72914578015
"950" 7.5995995995996 0 -1359.04709061851
"951" 7.60760760760761 0 -1371.45109073796
"952" 7.61561561561562 0 -1383.94162343709
"953" 7.62362362362362 0 -1396.51916732363
"954" 7.63163163163163 0 -1409.18420230151
"955" 7.63963963963964 0 -1421.93720955754
"956" 7.64764764764765 0 -1434.77867154805
"957" 7.65565565565566 0 -1447.70907198523
"958" 7.66366366366366 0 -1460.72889582326
"959" 7.67167167167167 0 -1473.83862924431
"960" 7.67967967967968 0 -1487.03875964429
"961" 7.68768768768769 0 -1500.32977561837
"962" 7.6956956956957 0 -1513.7121669464
"963" 7.7037037037037 0 -1527.18642457804
"964" 7.71171171171171 0 -1540.75304061768
"965" 7.71971971971972 0 -1554.4125083093
"966" 7.72772772772773 0 -1568.16532202094
"967" 7.73573573573574 0 -1582.01197722914
"968" 7.74374374374374 0 -1595.95297050308
"969" 7.75175175175175 0 -1609.98879948859
"970" 7.75975975975976 0 -1624.11996289196
"971" 7.76776776776777 0 -1638.34696046349
"972" 7.77577577577578 0 -1652.67029298099
"973" 7.78378378378378 0 -1667.09046223294
"974" 7.79179179179179 0 -1681.60797100155
"975" 7.7997997997998 0 -1696.22332304567
"976" 7.80780780780781 0 -1710.93702308342
"977" 7.81581581581582 0 -1725.74957677469
"978" 7.82382382382382 0 -1740.66149070351
"979" 7.83183183183183 0 -1755.67327236015
"980" 7.83983983983984 0 -1770.78543012308
"981" 7.84784784784785 0 -1785.99847324084
"982" 7.85585585585586 0 -1801.31291181358
"983" 7.86386386386386 0 -1816.72925677461
"984" 7.87187187187187 0 -1832.24801987161
"985" 7.87987987987988 0 -1847.86971364781
"986" 7.88788788788789 0 -1863.59485142297
"987" 7.8958958958959 0 -1879.42394727418
"988" 7.9039039039039 0 -1895.3575160165
"989" 7.91191191191191 0 -1911.39607318349
"990" 7.91991991991992 0 -1927.54013500757
"991" 7.92792792792793 0 -1943.79021840021
"992" 7.93593593593594 0 -1960.14684093199
"993" 7.94394394394394 0 -1976.61052081258
"994" 7.95195195195195 0 -1993.18177687042
"995" 7.95995995995996 0 -2009.86112853249
"996" 7.96796796796797 0 -2026.64909580376
"997" 7.97597597597598 0 -2043.54619924659
"998" 7.98398398398398 0 -2060.55295995999
"999" 7.99199199199199 0 -2077.66989955881
"1000" 8 0 -2094.89754015273
