ly_high
         [,1]      [,2]       [,3]      [,4] [,5] [,6]
[1,] 3.953450 0.2400066     0.0000 0.0000000    0    0
[2,] 3.948266 0.2378991  4051.8153 2.0893700    0    0
[3,] 3.952068 0.2366978   801.7967 0.4412428    0    0
[4,] 3.951901 0.2414195 10000.0000 1.0582504    0    0
[5,] 3.951538 0.2396231 10000.0000 0.7953027    0    0
ly_low

          [,1]      [,2]         [,3]     [,4] [,5] [,6]
[1,] 11.361227 2.4915423     0.000000 0.000000    0    0
[2,]  9.021736 1.5719596     7.328654 3.066841    0    0
[3,]  8.021747 0.9684997     9.170556 4.684047    0    0
[4,] 11.378364 2.4506141 10000.000000 1.343139    0    0
[5,] 11.344394 2.5092069 10000.000000 2.201412    0    0

lx_low

         [,1]      [,2]       [,3]      [,4] [,5] [,6]
[1,] 3.957409 0.1424952     0.0000 0.0000000    0    0
[2,] 3.964883 0.1431553   129.6973 4.8640170    0    0
[3,] 3.956912 0.1440716 10000.0000 0.4339433    0    0
[4,] 3.958658 0.1415287 10000.0000 0.9444641    0    0
[5,] 3.960057 0.1443286 10000.0000 1.5958708    0    0

lx_high

         [,1]      [,2]      [,3]      [,4] [,5] [,6]
[1,] 4.153493 0.2903519     0.000 0.0000000    0    0
[2,] 4.152421 0.2854303  3079.412 1.1827390    0    0
[3,] 4.150813 0.2876943  7677.736 1.2814251    0    0
[4,] 4.149354 0.2935441  1903.536 0.4669598    0    0
[5,] 4.155835 0.2870268 10000.000 0.9730699    0    0