0.000154881214576209
0.0169204204350351
-0.00241736889297337
0.0183890378033311
-0.00579511871530423
0.0139297117238266
-0.000529537901049236
-0.0166665991014643
-0.0210814927935772
-0.00158132821083787
-0.0283820637573519
0.00544962765578741
0.00579361085113031
0.022118392927351
-0.00444691513806281
0.0140331939411827
-0.00610354602867156
-0.00902414257132287
0.0115560585100578
0.0347354905468382
0.0152248647399018
-0.00640807293090526
-0.00464575699794076
0.00539760124130508
0.00575112639868982
0.0056315386998316
0.00501279723248429
-0.00847802176902232
0.00605049195280751
0.0058847317859714
0.0105899967416878
-0.0011200153955073
0.0183260468272924
-0.00653611811113295
0.0101135081275441
-0.00198845188084193
-0.000668782634487085
-0.0114606579325729
0.00889429853240567
-0.000247739560767156
-0.00614731643006825
-0.0134533206443601
0.00639999508123792
0.00814320812237581
0.0171477808142431
-0.00690335698861231
-0.00992139375628029
-0.00368412240942548
0.0030854721279914
0.00639873358706658
-0.00120826861138832
-0.00847410902889132
0.00729158368782559
0.00392564962516942
0.00166153769579227
-0.00199414070460955
0.0108362021554651
0.00195874646776064
0.0154237310922856
-0.000773719212805422
0.000461175504334245
0.00404800911352423
0.00076683154054449
0.00333558855100338
-0.00951805025889649
-0.0390223025666074
0.00199730412064094
0.0010321703932439
0.0268068595717921
0.0112047456074427
-0.0130717099601174
-0.0043190546386622
0.0121731324243291
0.0106917081934732
-0.00677858607112467
0.000599074480370578
-0.00704363433615283
-0.0028396708174556
-0.027945690985768
0.0061234080381656
-0.00414465033712383
-0.0038693459540857
-0.0277638716540158
0.0249818279800414
0.0106486164233433
-0.0000366152879429412
0.0112622891015271
-0.000344225858201573
-0.000014348276525998
0.0122754314457598
-0.0209581854010743
0.00369717050819143
-0.0211154021766129
0.0021078497981524
0.00875179488035996
-0.0102324453497475
0.000502007080569934
-0.0307701463463132
0.00458353989855722
0.00635813897708639
-0.00527288875397411
-0.0148631144051645
0.0110339558476858
0.0136120014661483
0.00937911368268287
0.00193860289240535
0.0197197539887757
-0.0126997675573488
-0.025888348151776
0.00821708504117072
0.0253565007877299
-0.00465713393225628
-0.00816441589553649
-0.0177668243580582
0.0240595515226456
0.0466227337778129
0.00418238554157393
-0.00529092946175511
0.0253214440103049
0.00459853988854955
0.0177194480996637
0.000148941881432686
-0.00228271130456468
-0.0105644567561285
0.000600753579276715
-0.0136729418987551
0.00721574585399323
0.00499614010006424
-0.00741469602599662
-0.00485920455583775
0.00942550730536687
0.0100250129383968
-0.00779517714834907
-0.002498741413242
-0.0224460645962301
-0.0182612333393974
-0.0599682096265175
0.0326251201250205
0.0283371894613085
-0.00977997371034964
0.00501751807450026
-0.00319077864045523
0.0328112472644105
-0.0111196479092035
0.002763269660397
-0.00848569334880442
0.0109101239180696
-0.0149926342325734
-0.0217245325935025
-0.00383858232714649
0.0163041468946714
-0.0058458037295823
-0.00840597928003281
-0.0207381546694734
0.0178210244384394
0.00937431838878846
0.0219340443374323
0.00945199297456958
-0.0124428010358137
-0.00726450436093182
-0.0212025689996338
-0.0043609264530726
-0.0192851695033234
0.0182460628444714
-0.0125321682554542
-0.00245973171092204
0.0318099750505807
-0.00122449512502241
0.0197401365547299
0.0195234150375727
-0.006463241419266
-0.00661604232249233
0.00930817926607655
-0.00653060118836455
-0.00315748381172118
-0.00746716148862523
0.0161571764014408
0.000825228754266073
0.00563085531745602
-0.00962011313677455
0.0146782967681745
-0.00670917172070859
0.0022291511371533
-0.0183112771231846
-0.00731858778865477
0.00962549709437346
-0.00319921718253633
0.00301631108215619
-0.0085037973279469
0.00850641305410707
0.0102954022200894
-0.0159123317777974
0.00726976251303582
0.0152224837334103
-0.00214340342432171
0.00363518952125477
0.00817435237208388
0.00203091253771961
0.00948540805424971
0.000414620101388176
-0.0110741350745593
-0.00784058184915535
0.00921879343315537
-0.010260022856662
-0.0107230502513999
0.00700504414127858
-0.0149905481026975
-0.00185275334443611
-0.0206451249878947
0.00775221595916966
0.00514502674536923
0.000494054459767158
0.00966451322853781
0.00719068133217606
0.0112181730385013
0.00242659387082969
-0.00664238966092954
-0.00852830007700154
0.0079825891175416
0.013386157684379
-0.00471476762684462
-0.00301320458862617
0.010977862922287
-0.00283492898284885
0.00526548903834459
-0.000823793323447373
0.00529646946352094
0.00162953419941305
-0.00115700491642998
0.00513563321059076
-0.00273398916993714
-0.00473647483896131
0.0100694915715947
0.00211085678471614
-0.00896585739274245
-0.00981203146016349
0.0069289192216129
-0.0052684159281515
-0.00343542613930301
-0.00481664877152264
0.00204530945374606
-0.00264748714344163
-0.0101448378962985
-0.014560902679503
0.0106747008220598
-0.00580374830372496
-0.00150217400239148
-0.000150837039389427
-0.00663420814293845
-0.00817086164426592
-0.000371603615764803
0.0220684791027495
-0.0149710313277573
-0.000118011536724948
-0.00674885000313716
0.00557194299483313
0.00144249269522148
-0.0191063777227507
-0.00487502496384715
-0.0106867012378
-0.0162266193127252
-0.0257635778909506
0.0329133217847311
0.000404341102699514
-0.0180180349963912
-0.00574754147145204
0.0342302827743302
0.00594263328973013
-0.000746648539482007
0.00175915498525472
-0.0239775392848846
-0.000260153522417793
0.0111119412804595
0.013812454699635
0.021817064702506
-0.00566219381421893
0.00506019507762015
-0.00106492820776258
0.00392458967835465
-0.000146534697563515
-0.0158254223134202
-0.00642977974140899
-0.0246231875594525
-0.0107577049449272
0.0232583325493003
0.00502507272208865
-0.0125873845830124
-0.0032806940625498
-0.0184452666980981
0.0035936957786298
-0.0186447570081833
0.0146485431459702
0.00542862472194463
-0.00951697585891507
0.00443836242939624
-0.0202333098329914
0.000289837494566593
0.00745518670293513
0.0382602110231361
-0.0183106905253227
-0.00579320063572461
0.0194920043475948
0.00757489586781992
-0.00647980890453945
-0.00811741190184631
-0.0140370193844132
-0.0216194655220132
0.00811525381998382
-0.0129657132291481
-0.0317192134608701
0.0080467255113206
0.0241713009313376
0.00712732091150772
0.0104623647080287
0.00405719346291103
-0.0104260918122678
-0.0283554032423145
0.0489609662560566
-0.0105315529629974
-0.0265159205874834
-0.00184273582993286
0.00388181671688506
0.00961767462640053
0.0103418160194924
-0.00617552955684706
0.0062012440712538
0.00220032314619447
0.0138963147863658
-0.00395949062517074
0.000345036798804289
0.0130242438550239
0.0029396267449018
-0.00491241299625142
-0.00181066169038677
0.00685855611354305
0.00706040716285641
-0.00555866186486484
0.0055232268482808
-0.0175515372229746
0.00365710107629893
-0.00143790840684319
-0.0083667699172407
-0.00617725741313888
-0.0133483270994681
0.0118347826228513
-0.00861284125632264
-0.0021092671245597
0.00816769967549471
-0.0190093963256581
-0.0174319613576674
-0.0186039966506728
-0.00187675421061681
-0.00549403155607118
0.0174156624836854
-0.00761240598010902
-0.014335546728649
0.00111675641754163
-0.00561911720430161
0.00591797275089159
0.0100080337805757
0.00650858153850556
0.00233289467971256
-0.0249988443651086
-0.0440638519684029
0.0147965548718396
-0.0261049067649725
0.00593096641736415
-0.0197422340211428
0.0175500355040468
-0.0242950215650168
-0.0180093702842256
-0.00399501888081397
0.0197904194784364
0.0112961371327227
0.0253303156753253
-0.0246560809188487
-0.00456406019031694
0.0108036287865581
-0.0124633492976427
-0.0349215196705312
-0.00282843635631289
0.0428298881138725
-0.0201091225539613
0.00816162779210841
0.0267831086763213
-0.00205650579489445
0.0150683304256179
-0.00315601040358435
0.0103068690150261
0.0382301709663651
0.012541720404891
-0.00850255611448956
-0.0150165394923505
-0.0121590870615007
0.01589206966589
0.00476176239278738
0.0149752730938282
-0.00279219706318654
0.013575281016605
0.00085833775998181
-0.0149073982474474
0.014414058953391
-0.00237355357434674
-0.00175298934006027
-0.00442096545485879
-0.000209846021681924
-0.00752852650995981
0.00268256438526662
0.000493197390262014
0.0281324095926206
0.00279697821118588
0.00276637932013204
0.0161015916324923
-0.00255444540626379
-0.0155713054634621
0.00326797967705697
-0.0118093637596237
-0.00774770651048227
-0.0157023546778907
0.00625929952619233
0.00393150430348757
0.00517231546932264
0.0129834656941306
-0.010527811665673
0.00551865521592723
-0.00936482771026445
-0.00831417817361488
0.00124015982813044
-0.0113348394065413
-0.0175796504472281
-0.00445018234101988
-0.00481826829252883
0.00350524890481554
0.00874792603659904
0.0113770307322652
-0.00941798740207298
-0.00544693433248076
-0.00143414621032531
-0.00461039763509683
0.0124926142869573
-0.00140843861282567
0.010105044590544
-0.00176026264159021
-0.0123208886351129
-0.0237018069265087
0.00693231470491098
-0.0144257035261548
-0.00105785160975367
0.0234919419292261
0.00629852848907489
-0.0108655246162845
0.00999884741058657
-0.00548013641713572
0.00611145740454691
-0.00336102092889499
-0.0164271890424556
-0.0163285429214115
0.0160288996443328
0.0104721846675036
0.00247651030742893
-0.00100176178998621
0.00563214919262125
0.00394976818803008
0.00403313217121861
-0.00517954543442565
-0.0114105530916983
0.00333696511927431
-0.0174030951232362
-7.57E-06
0.00574767455236283
0.00102592603898979
-0.00375820372943722
-0.00728963823509863
0.00316209084627419
-0.0167264647015086
0.00816823519929868
-0.0120760850544661
0.00700892828342961
-0.00269011363407931
0.0195405173232164
-0.00476205406059813
-0.0150469156856356
-0.0111349746014575
-0.0170732025259203
0.00409883363799149
-0.000487818130405747
-0.000982828161264469
-0.0225678457437217
-0.0187359543381804
0.00628356217766604
-0.0503910153674392
-0.00574493224164561
-0.0161667705435455
-0.0314755971676082
-0.0191408292665587
0.038319492254364
0.00882819560643624
-0.00510307449685852
0.0115005422318122
0.0217621225766642
-0.00222171723506024
0.0123074440597986
0.0198081175916869
-0.00239750398350045
0.00171166715452123
-0.00830246318324244
-0.00529306485980017
0.0227560517648327
0.0151707190005226
-0.00520384517578785
-0.00145404136901381
0.00698888863253358
-0.018731427320704
-0.00782729729704632
0.00462389328854143
0.0152571657065117
-0.00463182314814767
0.000464024655885377
0.0137046171456925
0.00417726116474528
-0.0240296802798463
-0.0172380273073615
0.0000674884329692441
0.0227657345809522
0.00293235847880171
0.0143600112734275
0.0144985632857875
-0.00266174905737946
0.00252955136991153
0.00165809354221482
-0.00169200728891459
0.0184701212086429
0.0019363293091619
0.000979068056388167
-0.00307097231415019
0.0109168311253019
-0.00724745491113763
-0.0048623537909833
0.0117148755171037
0.00621276357542835
-0.00678940058868169
-0.0183431011529027
0.0103735701653758
-0.000581071459587944
-0.00833963230446597
0.013177740336154
0.0221498244227858
-0.00270388562849175
-0.00748306886619419
-0.0159182649393896
-0.00270782200993922
0.000349592012433699
-0.0156028934863137
0.00338577872849568
0.0100617245316883
0.00759470017803568
0.00586979366315979
-0.0083354791446508
0.00441862981895638
-0.000132724791473725
0.00419197706416432
0.00680575958268828
0.00343305195510804
-0.0111310229065813
0.00580053129251381
0.00921515526736985
0.00627085457349355
-0.00644316381856222
-0.00351785080380649
-0.00473341378749212
0.00129681120991256
-0.00943599411681448
-0.00621904090159828
0.00688777091212958
-0.0163015995826798
0.0100573729240496
-0.00989465571614987
-0.00728439497686215
0.00797021509396336
0.00358968933220629
0.00107452749589501
-0.000117221318365755
-0.0289531842910149
0.0117561660935133
0.0149004619427533
-0.00702663956975777
-0.024971303099794
-0.00396984792014174
-0.00591334908644023
-0.00301041083561413
0.014826386462099
0.0143152635379744
-0.00392409029186866
0.00996914382541372
-0.00173963912806749
-0.0110009766641381
-0.0189771922331516
0.0135001907935557
-0.0155549195577471
0.00826753666644555
0.0178923977509556
0.0000318551053437825
0.000536534909876731
-0.00277426546695201
0.0224588173742264
0.0193808199986805
-0.00661881110401017
0.0144822390052815
-0.00443110165046165
0.0059084975681474
0.00346374980694189
-0.0022197208576413
-0.00982973825131592
-0.000833297544439814
0.0113912913000238
-0.000446296858112459
0.0041354270372276
-0.0158053115728691
0.00158639784161443
-0.00417102651669052
-0.0146828116632473
0.00590861510829124
0.00541185880014263
0.00252896461324339
-0.000664161982885302
-0.00848967649677765
-0.00996665836715136
0.000911834249518707
-0.00313329422587036
0.00235448510182936
-0.00660138805260411
0.011347931908869
-0.0238974398215354
0.00668732450362255
-0.0075669084235219
0.0232253590000467
-0.00196349441834618
-0.00134495690123246
0.000699246122907861
-0.0154540640915686
-0.00614369616953245
-0.00705131333940743
-0.0014427910825656
-0.0139098338275598
-0.0100736458562531
0.0107847941861046
0.0088965138764783
-0.00167340547603698
-0.0102383215352235
-0.0194524109141039
-0.00294853752600497
0.0368946858396129
-0.0145773858380833
-0.0168595707503911
0.018456911565977
0.021000039134548
-0.00559859987073084
0.00661785111458004
0.00766034614315727
-0.0133053092685076
-0.0109741330136286
0.00574663800582267
0.0102093915570549
-0.0120833429184221
-0.00851294397064348
-0.00635570718666043
-0.00273691411984786
0.00240359765442924
-0.025030902757682
0.0000865333646871373
0.00888789114943747
-0.019884778406773
-0.00149843047144047
0.00319605115106738
-0.0166917165503664
0.00662607105930049
-0.0104659800972797
-0.00219396712359729
0.028364446412895
0.00101262622611833
-0.0165971773209943
-0.01344559850408
-0.0171127764535219
0.00368969604261784
-0.0167657074081164
-0.00260045346160262
0.0174994822375387
-0.000751166181840877
-0.02154283457382
-0.0213769907661625
0.00628067906448939
0.0361483999290888
-0.0121815595197319
-0.0249527530035625
-0.0344751702235202
0.00754513808318971
-0.00639229923062154
-0.00368534009430907
-0.0186055479645368
0.00572171677173918
-0.0273134655511624
-0.039030360003629
-0.0333874600007569
-0.0273118854696799
0.0558212483825278
-0.00557075940434701
0.0168196536588807
0.0527435072819564
0.00431727610661705
0.00982126948995179
-0.029942921868253
-0.0232759580827792
-0.0348210155421631
0.0295566203575328
0.0198893603831687
0.0322753258877011
0.00358279857972213
-0.00526395484282991
-0.0218365816814279
0.0393428745613474
0.0115697502969745
-0.00151531279718673
0.0234143495536668
-0.0139795426656661
0.0127229092757926
0.0140306877361507
-0.0228705618538116
0.00758433193616528
-0.0138708365523072
-0.0182213046854125
6.58E-07
-0.00180979668331458
-0.042346484240233
0.0174419608081733
-0.0160019530183559
0.0167376784294042
0.010138894245646
0.00738162316944104
-0.0000660090127357667
-0.02501958532957
0.00334136955129607
0.00152562213844034
-0.0198487046037501
-0.00458177211080899
-0.0304489223249815
0.00252850099991788
-0.0138475096169159
-0.0173585895754886
0.0246358607715349
0.018122864009329
-0.0327140681736049
-0.0146434583823316
0.0393198098727004
-0.0237931209496258
-0.0108044965877827
-0.0226096426368904
-0.019219198590779
0.0168341653289401
-0.0275892364477856
0.0344452637043977
0.0383920475369859
0.00737674918157263
0.0463262633724906
-0.0243314798042027
0.0221336826074303
0.00596266303820861
0.0172623862987056
-0.0106054576495396
0.00677235322883887
-0.0152609376526049
0.0170983728184995
-0.00822345670174227
-0.00904082242279356
0.00973371223457334
-0.00549593964122506
0.0170917522662269
0.00824582968755918
0.00779736139808398
0.00917901797898948
-0.0230404919518197
-0.00872478379610351
-0.0208732865730905
0.00776253577300159
-0.000398866986084355
0.0244121301099547
0.00620670481666343
-0.0103861612175748
-0.00395179406629251
0.0193056311133964
0.0213016984289656
-0.00336671239527939
0.00256697078143911
-0.021113568410775
0.0276785858361324
-0.00265348193500701
-0.00182596480712591
-0.0147782494747792
-0.00337186142797472
-0.0120166594071555
0.0063228896987795
-0.0223490943723599
0.0139378158767478
0.000640643989568114
-0.00366503982561725
-0.0134348330730223
0.0233239653699489
-0.0080956599044075
-0.0131554563124973
-0.00766234614223025
0.0130096161754647
0.00188381104495508
-0.00540958273519807
-0.00307660806925634
-0.0160815181991927
0.00462448484478986
0.000565780112075333
0.0327376801468926
-0.000407225302570401
0.0223024800061387
-0.00648918673586338
-0.0141087941892204
0.0192775141657302
0.000076924309113681
-0.00133636624940345
0.00588989279619858
-0.014454003626513
-0.0038732777917305
-0.0140392990402791
-0.015749940088491
-0.0104102667900525
0.010248615338055
-0.0295923264776085
-0.0162148081548068
0.0130429562997225
0.00683300085168706
-0.0230374420261823
0.0131217893791469
0.00546148994647224
-0.0141110317117636
-0.00537293815623838
-0.00639258818873765
-0.0100680207196806
0.00761751453397077
-0.00805442240261198
-0.0126911691412621
-0.00152449408269903
0.0212850352355689
0.0193888182686033
-0.00704448761835328
-0.00946999970278914
0.0132144740413534
-0.0184748497553757
0.00724567116321764
-0.013151607492202
0.0117659385464615
0.00468838485038605
-0.00748892480765126
-0.0153990002072328
0.00959365634378353
-0.00930599509952665
0.00830233849428821
-0.0260922450459215
-0.00831755108621832
0.00438867238434873
0.0339536059308259
0.00172240231930767
0.0348905292853772
0.00431000411906804
0.00877577891177064
0.00196297325391284
0.0227936271802216
-0.0357901491138639
0.0121646865720591
-0.00541403630294732
-0.00156820079804019
-0.00571979172972445
-0.0178240958596207
0.0121474305099874
0.0258576528059918
-0.00498753013808082
0.00281150129946542
0.00130504850400561
-0.00178859931776463
-0.0140265497661547
0.00651121965901072
-0.00369345512583672
0.0193871454913151
0.00636058724490776
-0.012234607360714
0.0154931609201779
-0.0016815985372167
0.0215485429252747
0.00843584731796912
-0.00821616591499106
-0.0138662041763124
0.0177544447112856
0.00335082120284283
-0.000925931734298201
-0.000599481167194303
0.0150037062909867
-0.00372566883390932
0.00850282346099631
-0.0050410851566278
-0.0100318709394109
0.0142543660402677
0.0125337001662693
-0.00290070331412016
-0.00313314658164019
0.00791386359486082
-0.00242972702956654
-0.0251567114478881
-0.00105320349386415
0.00408094452439036
0.00918607536290941
0.00152457588170842
0.0194546198307109
0.00190398419679296
-0.00368583724340607
0.0146598518384096
0.00360952682564444
0.00478145593092718
0.015073629925702
0.0040235388894301
-0.00232966970341051
-0.0119719664208535
0.00916525320921304
0.012829831317192
0.00110899369966868
-0.00988732738285411
0.0222150230014311
0.000986734498454235
-0.00147618593259666
-0.0152766063087517
0.0010717043086528
-0.0141343974860914
0.00191907964231322
-0.00822425110825706
0.0107850841869501
-0.00970888699907577
-0.00168652759144903
0.00806952621375603
0.0116454694253978
-0.00805669298803477
0.0188904151084053
0.00347609071204771
-0.00552494104036769
-0.0134949673119369
0.00957952244021512
0.0057912255725521
-0.00335573318168778
-0.00627052068037412
-0.0124345000426906
0.0118134707660422
-0.0146486120448319
0.00954362032345826
0.000582812862538719
-0.00703909843047066
0.0173274379271336
-0.0020882730083027
-0.00721487957793252
-0.00173411135942112
0.00292857959377904
-0.0102354799408424
0.00279729359299543
-0.0177443944520874
0.00175347473441969
0.00733020152374844
0.00363278420250259
0.00314099640374635
0.0099809089853107
-0.00632510730177225
0.00664050191552426
0.000238444211745149
0.0091906875839616
0.00268420118332105
-0.00197036375023616
0.00304163447686714
-0.0101519346692704
0.000731252714707888
0.00311143157123175
0.000137119341035354
0.00612806223032083
0.00521903972479356
0.0138505410720553
0.00425608733463359
0.00173203801353152
-0.00634461471882461
0.0100622486015008
-0.00816719361151905
-0.0119679194297246
0.00550276653904904
0.00224886197037224
-0.00368026006193298
0.0142739114988695
-0.00318295917852926
0.0132552031857243
-0.0030831839144678
-0.0130162344901698
0.00613001684624062
-0.0192034056597778
-0.00599469149112151
-0.00634271256093919
0.00979034229966127
-0.0105196643212295
0.0221710714417816
0.00205881324604997
0.00945219114095599
0.00443697384768529
0.00480301335280233
-0.00520038735059278
0.00485374990942147
-0.000568302240748307
0.0070750953382648
0.00401997014191926
-0.00251819984320176
0.00323407367209863
-0.0102132511560446
0.00522088958642988
0.00136835180276498
-0.0150168658720062
0.00338098277654633
-0.00463540042708208
0.00223222309882945
0.0151499747545261
0.00133712782688813
-0.00103999425763399
0.00367142678490675
0.00795475035946594
-0.0053864059960995
-0.00129120792903057
0.00599202596891238
-0.00450802352181954
-0.00573173070669062
-0.00043891384377923
0.011439927194644
-0.000036446877720285
-0.00756741572904305
-0.00634149713695462
-0.00904826294117453
0.00806121012361063
-0.00839096727938935
0.00165261835120136
0.0161741598294088
0.00179584760400078
0.00439441778410645
-0.000159298024444231
0.0112783645394554
-0.00319909722861042
-0.00169659997868352
0.00475261040245114
-0.0076370055157646
0.00739815092841403
-0.00848859944294042
-0.000989500861436431
0.0114934951273647
0.00280841504184972
-0.00561822407957277
0.00669331578965606
0.00133179873073799
0.0118055849350345
-0.000400613076444654
0.00400065504904659
0.00289104794099162
-0.00173124582272253
0.00176647643185926
0.0124015428738327
0.000221125614385388
0.00212953670806828
-0.00302161897342754
0.0123960831083041
0.00136817205630282
0.00244136985511381
0.00502767061046952
-0.0088503594648621
0.00485219804599881
-0.00526899337927309
0.0083372499954715
0.00142936885952418
0.00692590437173826
-0.000853471615107158
0.00781842440222038
-0.00313486430950946
-0.00201453167729857
0.012110575259964
-0.00976911638884201
-0.0136260795093745
0.00505353219624374
-0.00255414499841586
0.00372149084136899
0.000754953120492476
-0.00832956925365644
0.0019127554493892
0.01255424734246
-0.00250788285339973
0.0050914840107952
0.0106878865428657
-0.00481513564932265
-0.00540630903631365
0.00978691896007613
-0.00440158075732719
-0.00406422860229758
-0.00249818066359617
-0.00265381127252249
-0.00158968426583426
0.00408961609053462
0.00116056579976933
0.000103126898804563
0.00966450877900018
-0.00588386676578076
0.00175509071966131
0.0034075141436283
0.00179857907982319
-0.00830832312488991
-0.0057103615984335
-0.014664098732811
-0.0152640589493007
0.0124595100719898
-0.0143768701425761
0.00568368153353218
0.011757783921869
-0.00119641106619903
-0.01115924963708
-0.0129652798055888
-0.00124766994215528
-0.00232093889867799
0.0163098076128652
-0.000942356419566058
0.012997800044837
0.00410454514753502
-0.000624297532056038
0.00535505627669155
0.00855550173597932
0.00771967345230709
-0.00201988643680815
-0.00659067005019585
-0.000984549133096178
0.00522462534427073
-0.0137804352676838
-0.00104815941567968
0.000670630158604825
0.00517534706970937
0.00114280179889017
-0.0156023988403921
0.00537520985887599
0.0140699618811216
0.000664507037055474
-0.00437801313745554
0.00234641385660164
-0.0138139082859947
-0.00754284157484706
-0.00585684933111172
0.00923740350687565
0.00191864424463708
0.00184392996279927
-0.00666873539566291
-0.0137435777703079
-0.0105187407854794
0.0077101644311002
0.00174607684944042
-0.00068889816691262
-0.000598215078068319
-0.0105663544349879
0.00687050988582085
-0.00250085775010953
0.000545271831530438
0.00408105289800267
0.00176721740629484
0.0160521968122352
0.00177352119990284
0.00574722238990335
-0.000458321649176673
0.000540820690120315
0.00345153072860607
-0.00737304613217036
0.00531108865668186
0.015915199283505
0.00161902572748309
-0.00946786095429262
0.00460995967516456
-0.00980926260538604
0.00603095775816967
0.00144523360155182
-0.00125605023070816
0.00269704781575355
-0.00409026339982785
0.00370653208415919
0.00854757145424847
-0.00290813946886812
-0.00539102890342222
-0.000875549106869021
0.00258843672177458
0.00415239634502653
-0.0104087694879293
-0.00308145867055474
-0.00810481379098513
0.00197440713428334
-0.00820168490859794
0.00340738032914436
0.00145985166542053
0.00078560659346041
-0.00321956975446456
-0.00423296082007682
-0.00472363561477527
-0.000368067048142938
0.00710999592755182
-0.0133531656339505
0.00277923387060677
-0.00967102740336576
-0.00188596573120045
0.00995354780502569
0.00061567560624456
0.00464008544795827
0.00124850676040469
0.00451465404410636
-0.00620507848305072
-0.000887448559396352
-0.0163780453996942
-0.0155248599846382
0.00125107987400777
0.0129673306622333
-0.00293955723639614
-0.0116669063735175
0.00155246768477471
0.0136396794308622
0.00227030340738035
0.0124434043501394
-0.00352717765292618
0.00658047758940585
-0.00235695427781299
0.000542280383336392
0.00804552836325015
0.000194568706435329
0.00249913024199258
-0.0077349074165882
0.00469708601831089
0.00158813424312057
0.0112270159982719
-0.00411674295691264
0.00694070090348655
-0.00441903199426361
0.00196536377574843
0.00501828922241734
0.00176600878263147
0.00230392875635313
-0.00700275127894832
0.00286674905840647
0.00456173456149502
-0.00556565425177966
0.00638385172186598
-0.0139589570257072
-0.00460372080290925
0.0016545885218209
-0.00587711450339243
0.00598592152569835
0.0043378730173407
-0.000120439981150054
0.0151434580651762
0.00331515767084325
-0.000531098973117293
0.00672742125066608
-0.00995528021652612
-0.00747818777767237
0.00208001418756523
-0.00219354763315935
-0.00725036111178843
-0.0092693596811326
0.0045173767351159
0.00531494152329961
-0.00965592961040504
0.000466612970933002
0.0026378378639951
-0.00968598454751921
-0.00078131161234649
0.0148467416020504
0.0128739368488313
0.00188797219319084
0.00252195662160129
0.000351174435793157
0.00012115115747149
0.0111951867539908
0.0161042016563125
0.00394317422788595
-0.00102128863147841
-0.000618662179899564
-0.000928666689208744
0.00912513296759701
0.00914533841518497
-0.000227132315329091
-0.00702708820572526
0.00560004248645909
0.00143816468519378
-0.0111471674563903
0.00595533515732696
-0.0001779415054157
0.00416392707273252
0.000829754860527411
-0.00337891975503177
-0.00396152718547691
0.0149174420698284
-0.000796401522099342
0.000782362087686141
-0.00069572398120774
-0.0110581450366576
0.00494158803754987
0.00549840846793706
-0.000966302384412619
0.00902665471858202
0.00399023704733639
0.00201955909878395
-0.00200698921958773
-0.00743955590924459
0.000453674632761493
0.00907661006788276
0.00348890764420686
0.000539791614976994
-0.00423769284780648
0.00720545775832362
0.0000027583669038004
0.000159330572036455
-0.00126714529008607
-0.00807556492010428
-0.0116631577327153
-0.0035574655349748
0.0035766306172196
-0.00135520964640532
0.0034938032962222
-0.00604131290823149
0.00405045623202496
-0.00859065632709119
0.00606347038292035
0.00970522805404619
-0.00945851912720206
-0.00773654233289454
-0.006358521751439
-0.00345710292346177
0.00407322490756637
0.00490941894286048
0.000485674985411878
-0.00264270429232824
0.00850158829233296
0.00694417926518212
0.00324993125229425
-0.0026926026134628
0.0110594327704901
-0.00101258614277009
0.000559449422260296
-0.00853528534338996
0.00427952572271109
0.00697864216145396
0.000773603499950172
0.00337127475111301
0.000258707937519832
-0.00787802600149232
0.000776242502403181
-0.014535092979953
0.00566861200157833
0.00793978372290474
0.00934066525887991
-0.00635796044017487
0.00571900372490133
-0.000195747754844409
0.000399165124940228
0.00965526596850366
0.00268374191490397
-0.00473341244511969
-0.0101603850580254
0.00193102994485275
-0.0075351871733442
0.00568579019598927
-0.00747536603516516
-0.00803773070847133
0.0018765446881748
-0.000393691618155477
-0.00486951352015195
-0.0101715638135342
0.000776511410641968
-0.000870194940849144
0.00251543001504653
-0.00754821735321796
0.013755512539337
-0.00061740256044016
-0.00644102305809999
0.00280144324405465
0.00454775054373171
0.00234286932336583
0.0060300997169547
-0.00830303654691808
0.0000853902400903787
0.00560676782010907
-0.0117544262535816
-0.00997521869390991
-0.0167848913613513
0.00301321934897383
0.00599317466536233
-0.0132666203374461
0.0196209532071628
-0.00669625291650797
0.00870191404040901
-0.00879980699776437
0.00401937832617885
-0.0113686694157007
0.0119288762486036
0.00465647272005134
-0.000775300781526743
0.0124699929487404
-0.00249517242972972
-0.00101523528886369
0.00645089863318484
-0.0106862304337207
0.00426119194316324
-0.0100069639762541
-0.00451370971183971
0.010112615975844
0.00701008708085829
0.0100458119659237
0.00472214607253998
-0.00143545225837369
0.00392059747869225
0.000252808862296862
-0.00332900495901975
0.00645146791027609
0.00104504322966295
-0.0060144311054122
0.00903375440402601
0.00179725832852109
-0.00681387956521726
0.00132194751121964
-0.000131864009520453
-0.00208869175175417
0.00530318432638668
-0.00227401714982631
0.00233626589289851
0.0026468608098247
0.00229224243277229
0.0037004463955457
0.00501943659469897
-0.000630004443827635
-0.00197270373020151
0.000299376307774348
-0.0108152114874746
-0.0075810155520317
-0.000661869978685535
0.00917298829549209
-0.00135556171509063
-0.00704929459192802
0.00268405052964929
0.00887073616181324
-0.00829836892595368
0.00252592900603424
0.011688314118258
0.00631229185656859
0.00234588274981553
0.000960179324621914
0.00269755859786172
0.00123402061572178
-0.00546809714640337
0.00678583915968203
0.00482425017942225
-0.00655121094484909
0.00547373184196511
-0.00369940788266996
0.00180849831941912
0.00463942336003156
0.0056644994691544
-0.00762318234313939
0.00102447310385581
0.00715104625711762
0.000816129536493927
-0.00732364959379248
-0.00759080336708171
-0.00260928497692701
0.00679926894657259
-0.0017519653334048
0.00711401140476034
-0.00593557253296504
0.00290130348449582
-0.0117689184100724
0.00081475626447516
-0.000923379144990276
0.000642792624517187
0.00173168581128993
-0.00331746755013726
-0.00651511169146166
0.00237258668247977
-0.00593764622623369
0.00601725732560967
-0.00312051385695786
0.00989279237961152
0.00110889924016979
-0.00284977507993298
0.0126168106675051
0.00248202719942106
-0.0037236823653872
0.00801016851219319
-0.000664401408548597
-0.00749666272210978
-0.00320982265789735
0.000541303576814502
0.0083344621858368
-0.00550445538679953
-0.00781755307075824
-0.0090860571289628
0.00372255977516203
0.000628385076779227
0.000356653796070662
0.000101602566337201
0.00108820884988428
0.00890471003158313
0.000996936260885507
-0.00164166003330732
-0.00994294511571334
-0.0149221539924635
-0.00402714028181881
0.00377133956250566
-0.00711502689965824
-0.00199710054698874
-0.00600973815101555
-0.000636596948415201
0.00831083630259324
0.0030474693117988
-0.0100234892284661
0.0149219671358587
-0.0150567506579753
0.0015955532538481
0.0167147604451206
-0.0022937736525179
-0.00424483524009032
-0.0104535744731802
0.0164908021984509
0.00722747318904829
-0.00345038693346475
0.0100045348829987
0.00433207510049452
0.000240853360987915
0.00226280700267891
-0.00338011198383545
0.00176597539859016
0.00848777332622855
0.0031267952692833
-0.000700882315528316
-0.0037805255461034
0.00186538272861017
0.00944639717907594
0.00446861847398597
0.00533437513557014
0.00514831605654378
0.00354370842428067
0.00216070238309476
-0.00846725981484206
0.0000928292611206653
-0.00630532922139435
0.0121606781287911
0.000401067013799074
-0.00228936002882827
0.00135177314298576
-0.00494476354734894
-0.0011406422205553
0.00288384883445139
0.000918260972758513
0.00561521985745108
0.00425775294231559
-0.0013383482884217
-0.00277542529599282
-0.00577928337094489
-0.000161214399870578
0.00259039489389681
0.00428885431031569
0.00050266087921982
-0.00952238906657319
0.00137329663695953
-0.00290804560988531
-0.00482177530737713
0.0163738814595958
0.00374295785337877
0.0000926294297691991
0.00943246534165889
0.00372656339666302
-0.000279686957379764
0.0035523348517206
-0.00621708462480439
0.00128143008289163
-0.00348639443338869
-0.00390596237551752
0.00562518920418589
-0.0184193599616513
0.00192224283331568
0.00247944178446693
-0.00164534793534174
0.00728590881315585
0.00781092700490673
0.00122137869673103
-0.00390706705156505
0.00193445682320894
-0.00902508503016361
-0.0052961452239568
0.00085982702006684
-0.00805074960973415
0.0087024901008759
-0.00140166995179844
0.00261370301395749
-0.00318809430379649
0.0100597127852904
0.00357522372934407
0.00737832906124327
-0.0015841669593408
-0.00319899904915475
0.00756230304999497
-0.00370535157783178
0.00134961365760857
0.00370759153201574
-0.0103784331305174
0.00830435125451426
-0.00155074329304392
-0.00140578225082508
-0.00691592037367881
-0.00178671722098487
0.00210483817181919
-0.00481585998417964
0.00727449615646416
0.00218953252795109
0.0104193997413829
0.00433764984727516
0.00184815946078045
0.00154673602447189
-0.00158442819927271
-0.00595619535049072
0.00607939403691129
-0.00250871189707344
0.00105979329041885
-0.000952040366861671
-0.00638207056801041
0.00751883345235618
-0.00195139603101244
-0.00406932534983804
0.00234484881977706
0.00631412642924547
0.00437876208675994
-0.00184629997291805
-0.0103203988093616
0.00094108188646216
-0.0077041918356757
0.00128095290071164
0.000852948311678171
-0.00286739602180483
0.0170100723546751
0.00210198221857196
0.00124424406980242
-0.0000603367234574866
-0.00234348773154644
-0.00480459198441261
0.00289226092117814
0.00337313054156587
0.000756228087053247
-0.00406712933149398
0.00620282186508361
-0.00380660534735619
0.00322915351325561
0.0103195830657415
-0.000753132861566617
0.000439215806773442
-0.00165268990460274
-0.0128038024757453
-0.0112278519381554
0.00259844753053431
-0.0017942729522211
-0.0169075614033023
-0.00664471481718107
0.00420530523786591
-0.003845424636407
-0.0042825608871899
0.00165933523112651
0.0113828181082267
0.00577994481132651
-0.0158996047732165
0.00815614737311335
0.0123002551497846
0.00202724991674244
-0.0178831513227298
-0.00106180281204524
-0.00603420582073697
0.00149294949321812
-0.00440872795393419
-0.0118602068419404
-0.0110969210891527
0.00525272945133983
0.0210896835961672
-0.00360773113374078
-0.00908165588441088
0.0000688606058574474
0.00977077951001351
-0.00520773848230769
-0.000806574403028092
0.00493453247577505
-0.00904851656253578
0.00554933455385334
0.0214126973303426
-0.00202290069063957
0.00791106033814695
-0.00719840079203668
0.00256809452149123
-0.00669592836975494
0.00154564323454578
0.00408516664181493
-0.0108515416864527
-0.012974666864574
-0.00482931838485887
-0.00130730460915804
0.00199490494846713
0.0184619302870832
-0.00843668263920703
-0.00702516144351681
0.0165653835766211
0.00637786341363802
-0.000301433621998169
-0.00403115541364671
0.0121553636642862
-0.00140240642665821
-0.00442932060814092
0.00517046716382288
0.00231332698030242
-0.000634115988382232
-0.00273311068895496
-0.00329141727973423
-0.0042818235225299
0.00469517852960968
-0.00391748725742855
0.00123671062819322
0.0136804452465578
0.00770963229571733
0.00165815962166607
0.00378493461971721
-0.00360025748510926
0.00107833406949889
-0.00442186984080448
0.00244845165608789
-0.000671778039504443
0.00522929219806214
0.00199552999500343
0.000912285421436311
-0.00111118401747932
0.00557633965996198
0.00178407264351146
-0.00986381207266349
-0.00473366825123553
0.0038564223560247
0.000554130047717673
0.0103811639344498
0.00393087443234299
-0.00128204490566828
0.00264147574237852
0.00122807331310606
-0.00260609470967841
0.00578296592968377
-0.00533317737751469
-0.00239192201916969
0.00885346058741468
0.00757305363020857
0.000256501853423986
0.00178877348643438
-0.0021887259031512
-0.00331993780004855
0.00217039592079351
0.0120652510702373
0.00231113227993609
-0.00260917066801711
0.000869443561779117
0.00211828474108702
-0.00249024326743627
0.00957278964569499
0.00212204221300285
0.00259275929853511
-0.00358923300727285
0.00135904621304663
0.000925882922143041
0.00127594768749264
0.0062103487421439
0.000338324252513923
0.00358468265290315
0.00502767955865837
-0.00841063034828779
0.000505194503336549
0.0000841815454855303
-0.00730178530458934
-0.00026674971580307
-0.00214884574479332
0.0113595138929155
0.00229221360073864
0.00215742900385776
-0.00527031442281343
0.00193976339334692
0.00262274316635305
0.00641325979008924
0.00247853992187699
0.00235848720319434
0.0011051432960816
-0.00042277231405483
0.00172497644950822
0.00241235917032603
-0.00358530048622894
-0.0135708722486294
0.0035153893464637
0.00923641695832347
0.000898320657584352
-0.00272574005484836
0.00892284934650969
0.00407143363625731
-0.00123865130341725
-0.00390153629081522
0.00188727789339451
0.00234411340018783
-0.000971011777724383
0.0012451611479767
0.00872882595559424
0.00119871592778067
-0.00315865440755389
0.00223280131115547
-0.00134107752900367
-0.00360380670194169
-0.00525348073918062
0.00441974462702712
0.00706774659380829
-0.0014029624796281
-0.0044464264564583
-0.00112241267192645
0.00130446367043649
-0.00602623991213045
0.00229477786919665
-0.000439899008997079
0.00201540299859462
0.00639680640587772
0.0049183273302962
0.000894354480074379
-0.000817392646095681
-0.00289823705647405
0.00296820244011456
-0.00521492774295316
0.00361260394490517
0.008542450508255
-0.0112568771769679
-0.00113175584702849
-0.00102058529872992
0.00583245707077576
0.00664813934957744
0.00541640956591041
0.00176988992476182
-0.000890133630851307
0.000774681497206077
0.00147097978639634
-0.00110306568402938
-0.00702545209261893
-0.00318974363726008
0.00764568887382391
0.00769190958198964
0.00111397313991282
-0.000795223667950017
0.00291719213326138
-0.0013284802158928
-0.000781000047131085
-0.00349307091862181
-0.00117800593804682
-0.035265767823839
0.00562247536174889
-0.0025209511657511
-0.0113913378818733
-0.00937524997248571
0.0154516769792217
-0.00239134463625665
0.00717824054377394
0.000754351395734455
0.00275361592376469
-0.0205016331197445
0.00674573735890152
0.0037539149060857
-0.0037586751443319
0.0109124163552581
0.00639048953997004
0.0170134987634319
-0.000271558747682453
0.00117075334193742
0.00104434863489902
-0.00612662580601595
-0.00792075697872538
0.00380963844961093
-0.00109773002393518
0.00267057659019889
0.00931425207339401
0.00118914002676098
0.00312222812315801
0.000665491580299739
0.00269013008241894
-0.00651758709624859
0.00626400387598294
0.00355890600443412
0.0106754803067864
0.00221992076501645
0.000769863826918484
-0.00112583606868719
0.00929501413708602
-0.00222977287728552
-0.000274268060113746
0.0101649517132074
-0.000705770810903038
-0.0000435447171067457
-0.00778485705543905
0.00272457615037249
0.0065285163229696
0.00439269555521629
0.00222452437789402
0.00263737146430645
-0.00108972039433384
0.00329515044199804
-0.0139776669858049
0.00967223634145944
-0.00171769232408356
-0.00122785496225128
0.00866641840772344
-0.000841510188148019
0.0066656485232768
0.00161899525465794
-0.000565863048795888
-0.00113105903105646
-0.00967300357643539
0.00551481230733411
0.00164589333070267
0.00802883509672106
0.000331755484839237
0.00380700662652702
0.00192376699407773
-0.00528442502373581
-0.00882637004518114
-0.0176490143656558
0.011383112336242
0.00103821104876636
-0.0106622566205923
0.0151469911766604
0.00488171463898726
0.00658243830603758
-0.00113719090680406
0.00180626644823081
-0.0136175133164418
0.00623833265067744
-0.0129028430073248
-0.00313609048713379
-0.0031665422861282
0.0090459531355869
-0.00034139544599474
-0.00149167218540478
0.0107162375776922
0.00365082030510868
0.00042443453301735
0.00337552932111243
0.000997803846741997
-0.0142101131205949
0.00578201888837884
0.0189526697985061
0.00317350119803364
-0.00184440496453673
-0.0000198845483269968
-0.0019905670751825
0.0045360750390522
-0.0122192418623434
0.00493441206820224
-0.0199262978436092
0.004731734587649
-0.0235382695771937
-0.0160438486526315
0.0102786589620419
-0.0126503588309168
0.00729346459024429
0.00442681425211424
-0.0268689381614795
0.0239410154189086
0.00621745535827147
0.0140506571671297
-0.0300211253977247
0.000455356434948785
-0.000418506726012045
-0.0182464683263603
-0.0139284718466141
0.00332039674239673
0.0243465451940663
-0.000192832807366348
0.00116242673708735
0.0117217785015784
-0.000996004170718633
0.0115459456599769
-0.00846305753587015
-0.0236759817289842
0.0217619583916307
-0.00411285384701718
0.0112312442746872
0.0104906972558796
-0.011490846349111
0.00431979033437726
-0.0169761133383685
-0.00119663235557963
0.0136171337055551
0.000124494007224942
0.00846131318451973
0.000279067022557224
-0.00505666121600965
0.0288665032062818
0.00614488418996653
-0.00666899500571014
0.00467538864485919
-0.00519337059252753
-0.000265751331978568
0.00547358438649417
0.00397643199845546
-0.00295107223623512
0.013279058941107
-0.00018813305149654
-0.00448529887057256
0.0021856509983307
0.0095918053287978
-0.00314476732404853
0.00814052706505921
-0.00163683929127776
-0.0050949257240944
0.00481987414466281
-0.00833975158970366
-0.00651798693614844
0.00183679644205894
-0.000675999797957492
-0.0258724188862658
0.00386813325588966
0.00884125706003938
-0.00236750890706003
-0.000899883192291261
0.0137703782239927
0.00378272714968022
-0.00640747341180334
0.0119975952714251
-0.0267019223852944
0.00087875597406042
-0.00489018221050939
0.012054145610894
-0.0297327858962468
-0.00049927071833442
-0.0143130906704476
-0.0099615991926276
0.0287547130488015
-0.00701749058267074
-0.0132236109467794
0.00529362817960169
-0.0175375780931217
0.0045531358506228
-0.0159782014564511
0.0168263981097958
-0.0234360553151562
0.0148967127217743
0.0282365207383739
0.000553318963447704
0.00781707939223788
-0.00582783153539166
-0.00648481032159773
0.0151528594826545
0.0150019260700383
-0.00170262463328361
0.00755886689967247
-0.0255189893510348
0.00610884284883631
0.00130045387351621
-0.0137646421159054
-0.01505798030571
0.00633711408168571
-0.00128484592725628
0.00496516384447612
0.0166093699448977
0.00812149100925199
0.000885177890893398
-0.0143083294536197
0.00157958470638955
-0.00679824063104115
-0.0144661922893938
0.000076924309113681
-0.0247810257553729
0.0032949650732155
-0.0184457530788249
0.013608988537861
0.00799367061157865
-0.0136117719004023
0.0108889148987297
-0.0251639409273316
-0.00555096121312013
-0.0294472877937117
-0.00598680080511646
-0.0110701772939068
0.0212924722121946
0.0100893840531233
-0.0159223434153075
0.0174730725613381
0.00621774014277412
-0.00469846177410458
0.0167100847357738
0.012240147403876
-0.0104409953199456
-0.0324415989632358
-0.00757587730984353
0.00793170457138628
-0.00413565968832061
0.00594867671156065
0.00731656619594736
0.0135893000586149
-0.0134354514403876
0.000914318062774223
-0.000819780546119174
0.00838320247704785
-0.012873940499162
0.00792667748611911
0.0137950236952707
0.00697102336666158
-0.00084292901380054
-0.00890519380001284
-0.0273864351082391
0.000610363842118235
-0.00337668678926215
0.00530161622945793
-0.0221829446220924
-0.00836902632522383
-0.0155073614242536
0.0365340346014858
-0.00895935048731198
0.00519077750376964
-0.0209253763013981
-0.00892209927845753
0.0416118089523297
-0.0245101135006829
0.0237392369331957
0.01528217062239
0.00237818287685257
-0.00872749168814566
-0.011449737965064
-0.00790500358097821
0.00574807434217031
0.0353439403300993
-0.00185900084558896
0.00137769472388441
0.00087262900596843
0.00163729415621019
-0.00503615876401573
-0.00804803077494662
0.00454095435170301
-0.0205076042704366
-0.00331259098906853
0.00466617281059458
0.0225146417779723
0.00069957337126605
0.0180534524313165
-0.0014778717572028
-0.00877227475252249
0.00297256364472978
0.00649861680613475
0.00655064661584428
-0.000975251537094633
-0.00381931031799263
-0.00377681155629703
0.0170723922968543
0.00330725822711033
-0.00446694309581284
0.00769971624112744
-0.0182028829779685
0.00373968263750249
-0.00667122402827756
0.0110374690140463
-0.000307880193571618
0.00407451116709548
0.0106058274988721
0.001326520809978
0.000974546372342312
-0.00923994607701048
-0.0161068168655003
0.00269087307330021
-0.0132215664309765
0.00689987348036072
0.00403199017741776
0.00539764963633796
0.00159194618080962
-0.0104829268730118
-0.00572770383284291
-0.000249772247143708
0.0193853893320029
-0.0312994184063955
0.000870330266016263
-0.00236407388845359
-0.0169617925322614
0.00335125293273644
0.0150110883061166
0.000157801607268328
-0.00671746715304342
-0.00968237122196045
0.00382230292639998
-0.0186400790453049
0.000130036493440701
-0.00274191590727211
0.00590337672762955
-0.0297281316896596
-0.00364741662275756
0.00134335088883833
0.00390552336142582
-0.0182944095595294
0.00117024486390618
-0.00834389349787121
0.0170131290596878
-0.0229626233763742
0.00704230185860946
-0.0110749514771688
-0.00899198081927641
-0.0108841752789796
0.0248315690797521
0.0120179365365338
0.000362525263057935
-0.00046261265432077
0.0134787803961292
0.00413290070401298
-0.023319139541508
0.00423579577774283
-0.0186947182879615
0.023164389802175
0.0166114173306449
-0.0131539752266434
-0.00551713068738377
-0.00892956062294468
0.0283910155651048
0.00342570971730008
-0.0180195754190695
0.0236887908887944
0.00699566472031423
-0.0120469587365459
-0.00284298985746731
0.00558346073784313
0.00414465326646687
-0.015136035957628
-0.0092816060941798
0.00625505456026334
0.00256883473011185
0.0113458768316974
-0.0197436570253471
0.00375648407745823
0.00802786644880362
0.0148080162271338
-0.0137417054186253
-0.00402398715244343
-0.00196024692226257
-0.0303019132020008
0.00449781939792173
0.0203796016759475
-0.0346575388729127
0.00620749245049981
0.0137888545601781
0.00219628929315354
-0.0482060584402406
0.0174484287588124
-0.048211141147215
0.0425057351994873
0.0395443453949236
-0.0389098868900834
-0.0156791910827509
-0.00190278224583371
0.0195426858083989
0.00345367419978706
-0.0921126916568706
0.0528351345905156
-0.00447748285531977
-0.0410480002359046
-0.0135215974229101
-0.039202377025493
-0.0590308334077436
-0.0113205047003006
-0.0791471177435872
-0.011752038364416
0.10964888365668
-0.00525945962206895
-0.0946182203717436
0.0417057839205599
-0.0061552763837893
0.0466597638799469
-0.0312070306696057
-0.0628762008292653
0.0126318709545839
-0.0350438920491944
-0.0322028226033728
0.102534252268444
-0.0110640013591272
0.0255535752718102
0.0153254983554447
-0.00245531135318087
0.0400913901337488
-0.054038355121488
-0.0514942688670565
0.0285231221668081
-0.0126570062710973
-0.0222102656191918
-0.0532119137349376
0.0669995248879385
-0.042516565262571
-0.0260724508452634
0.00986722047805968
-0.063028598546631
-0.069404903160283
0.0614048920491133
0.0627911946095292
0.00660631797202351
0.0347953510673804
0.00967384087316961
-0.093459635145658
0.0392406180821512
0.0255849805679756
-0.0296695520182108
0.0359259722285055
0.0377458027174669
-0.0233119875176584
0.0119009234436787
-0.0288618797880176
0.00708080848254158
-0.0126899367362867
0.0501617565507724
-0.00956223483114724
-0.0213129508091896
0.00300954388477417
-0.0183946524797509
-0.00968802396021659
0.00584136143199479
0.00541884803782813
-0.00380318754882134
0.0241909070686397
0.0141359889164115
0.0311957536640604
-0.00460239040089492
0.00786366182496326
-0.0303922097793894
0.00346828839813986
-0.0214562840326238
-0.0227457019618056
0.00183347595045371
-0.0339555595903418
0.00140522925547961
0.00761005003494921
-0.0541850596747828
0.0426489576170406
-0.0152015337541886
0.00544015991941207
0.00561478038170018
0.010943236617341
0.033083758249151
-0.0336041267662015
-0.0229758852812605
-0.00045598271122491
0.0157868540633608
-0.00744073801570619
0.0163101183046477
0.0266176054885339
0.00156097108160938
-0.050291695878542
0.00800038077845857
0.00181456503082613
-0.00997111363646927
-0.0465525213738829
-0.000873893148531456
-0.0120199973997144
-0.0114016489679773
-0.0352384320242933
0.0393969775750822
-0.0106381141001019
-0.0158287433194717
-0.0237695736939578
-0.0476649383593077
-0.00635046782104618
0.0235523140112788
-0.0433863668416476
0.00129221367555934
-0.00999735698072166
0.0617956338598953
0.00251974142438629
0.0399979918788702
0.00778616244528598
-0.00344523181745069
0.0317112094677148
0.0207203405455294
-0.0129872063998446
-0.0198905040768604
0.0684433038440435
-0.0205494514976276
0.00965724449752694
0.0231295501364848
-0.0204478136570367
-0.0353624333275304
0.0131211360076433
0.016497940298569
0.0283991654888727
0.00976165245560792
-0.00829032793028703
-0.024066753417963
0.0117914989738815
0.0374239852343212
0.00260711005923844
-0.0201916156601651
0.0125478575632299
0.0154962450368297
0.00503399250342087
-0.0436553305056391
0.0211063060194992
-0.00763436134153481
0.00995037296425763
0.0167347608164779
-0.0100406971257021
-0.00266733053835553
0.0214567298651165
-0.000873575347319443
0.00545877958041532
0.0333842009182703
-0.00372200242594276
0.0173314972714867
-0.0132133989594276
0.0238608638504605
-0.0216702761719611
-0.000902394537415117
-0.0271862817707209
0.010375328766564
-0.0113987499243348
0.0300135006827249
-0.00166140293406245
-0.00506771057509689
-0.0168226853864528
-0.00142138896088626
0.0260391131360312
-0.0190764789582607
0.0153781578962154
0.0135603731055492
0.0255668892863197
0.00205826644203013
-0.013757562259272
0.0114951316179655
-0.00244093843246327
-0.000934128176134562
0.00357400743963334
-0.00340951083839955
0.0061702320517725
0.00147293743837642
-0.0239786120065428
-0.0127249763101353
-0.00130565540944347
0.00845276875777137
0.0031862984168072
-0.0310014366186486
0.00238099547952955
0.00658014314836211
0.0212945004053955
-0.00140201199647014
0.00910126878325015
-0.00849045635513243
0.00442935839083882
-0.0295007229433714
0.00263939994726672
-0.0198029269051991
-0.00159297083012697
0.0036178758934238
-0.00395302762041714
0.0247048921880451
0.0053788643506181
0.0292763966841214
0.0086815615287357
-0.000305826397268814
0.0114436268305314
0.00369762606223925
-0.000457484840953069
0.0230995537165218
0.00311443527385704
0.00305433086464115
-0.00253292527094559
-0.00449651173842722
0.0119023335334836
0.000816453171778721
0.0153025074875091
0.00308447532432601
-0.00284086681375049
-0.00556365470236118
0.0134266613099428
-0.0032736275025069
-0.0126640109894751
0.0115361329765032
0.00693339196369716
-0.00849107169998573
-0.0244829898586429
0.0101714550358843
0.00691436843719287
0.0109661791910325
0.0185283944289712
-0.000468964479605181
0.00244353575568914
0.00019364901403043
0.00285483877579564
-0.00191345456838563
-0.00803221724633738
-0.0222952847760487
-0.00322498205244412
0.00857551649414215
0.0131091342630558
0.00888297987336275
0.00782920234541342
0.0104451983314489
-0.00127438191940941
0.00639604555789843
0.00320732358852196
0.0152842278728933
-0.00298738639373217
0.00271073703145855
-0.00333617629624869
0.00663027310708222
-0.0100425976472085
-0.00947965636638412
-0.0060324133129521
0.0177298009080547
-0.0021551458965021
-0.00325690006506904
