         mean  sd n_eff  mean  sd n_eff  mean  sd n_eff
tau1f    1.08 0.9  2194  1.09 0.9  4521  1.11 0.9  5094
tau2f    0.92 0.7  2579  0.92 0.8  4200  0.92 0.8  4868
rhof    -0.08 0.4  2327 -0.08 0.4  1834 -0.09 0.4  1894
tau1m    1.55 1.2  2167  1.53 1.2  3658  1.52 1.2  4533
tau2m    1.07 0.8  2468  1.09 0.9  3900  1.07 0.8  4994
rhom     0.63 0.3  2181  0.63 0.3  2597  0.63 0.3  2830
kappaF   2.20 1.6  2375  2.16 1.5  6819  2.21 1.6 10000
kappaM   0.72 0.5  2417  0.72 0.5  4421  0.71 0.5  5233
beta[1]  1.44 0.5  2761  1.44 0.5  3228  1.45 0.5  3202
beta[2] -3.01 0.5  3092 -3.02 0.5  3837 -3.02 0.6  4351
beta[3] -0.72 0.5  3740 -0.72 0.5  4047 -0.73 0.5  4708
beta[4]  3.67 0.6  3768  3.68 0.6  4930  3.68 0.6  5318
beta[5] -0.58 0.5  4052 -0.59 0.5  3941 -0.60 0.5  4256


mean(get_elapsed_time(default)[,2])
[1] 5.300581

mean(get_elapsed_time(drhmc.latents)[,2])
[1] 2.37886

mean(get_elapsed_time(drhmc.wish)[,2])
[1] 2.130362